28334796
9961452
31579879
24813931
27781682
2481088
10758124
30305491
17956033
18824295
28570178
27034840
16493407
31084173
18053635
2423357
31684950
7827255
774852
9098048
18053635
10748444
21857788
7117462
22944485
29525235
10748444
29479786
6860238
532210
30776528
27212264
5885632
18824295
31292653
16223609
11425824
18053635
26227106
22781566
12037968
23079746
13742503
29063421
28304220
6684014
18876638
6559943
10816347
9098048
27225329
33059178
9098048
23259289
6559943
2151131
18053635
18053635
4053542
10748444
21160065
26227106
18053635
7221538
4760815
27212879
24556156
23853705
18053635
20183545
32480292
20332134
25342878
11955351
23853705
28390458
18053635
22037673
7059224
10748444
30457286
9368711
31839921
6094540
18053635
12714291
13291075
11281492
29924266
20805501
16445010
8360563
28080149
33503067
9098048
11600078
18053635
7074002
28304220
14209430
18042863
18053635
7613490
18053635
27642063
18053635
9098048
21175712
9098048
18053635
9503403
23763706
18053635
31850829
24572161
13758983
18574253
936495
20702541
28913319
18053635
7165192
10748444
17670088
10730197
18053635
28622368
10985072
26167081
7444382
4406137
13291075
21144160
28598228
18053635
33196761
18824295
6748487
9626493
18053635
18053635
26241866
9098048
10369468
20224402
24739700
16879686
18053635
14384315
27486412
4079168
9098048
21175712
9315462
8454209
28635720
25246688
26380947
16445010
8204669
26193860
12141381
18053635
18053635
21175712
22753332
23392010
16674472
31217871
5544577
5794348
5074292
32163592
10748444
7815145
17437459
12249805
18824295
18053635
18053635
18053635
18053635
18053635
9098048
13871597
18881465
23853705
2055893
6559943
3832501
3969154
24135971
7085090
14806635
3651674
17862601
32264425
10748444
20042077
2708281
27291063
26142238
20005851
1759241
7074002
18053635
18053635
23575541
3834350
9689080
32003039
9293396
2022602
31839921
19651703
9098048
27439902
18956205
21175712
10584070
31053259
5958536
24105728
33227458
16667548
18053635
6514290
10690398
21175712
21002406
9098048
10777104
18053635
7074002
9838890
23902087
1028943
15031077
3371568
4702725
11814828
16786691
10244366
20805501
25468894
18824295
25722886
21609763
19127953
1360942
9098048
9098048
25518526
18053635
9938946
18053635
31653072
10730197
18974542
23105817
20283678
25686045
18053635
4708989
16714112
18053635
9098048
29328635
23853705
18053635
9207500
3323188
18053635
18053635
20142379
26852509
13228944
18053635
19039955
24256296
7970869
18053635
26157212
9143134
27262546
23853705
3366113
27452297
26376222
12019765
9906833
7717109
26396594
28364694
18824295
30493358
19973204
25490540
18053635
21175712
18007540
4947839
9098048
30219101
4906304
3910007
13323555
24421056
9549854
9098048
11476475
18053635
10730197
29601503
9098048
13328144
286793
16434812
18053635
23331147
19039955
27055755
18053635
2053359
9926168
10748444
18053635
4793948
9298058
20803233
20805501
18053635
20805501
11429711
14261613
12391206
21175712
18053635
32375757
20173840
9098048
23184768
18922432
21984772
18053635
18053635
8645244
18936319
26935818
16704200
13291075
10579224
10748444
12391206
32464534
15942597
31809097
23853705
3661999
21175712
21373929
25223504
4644389
7175412
2944687
4005490
25335119
12468724
20805501
25944244
4699309
28698439
14479904
18053635
16531011
18053635
5500021
16714112
9098048
11181857
1248519
26371107
18053635
7221538
23612984
28199130
11333654
23853705
13718069
17111832
410296
1226095
18053635
32483880
8343866
20805501
18824295
15708581
9623276
10738805
12026200
18053635
33486343
21826195
8218794
30187971
12468724
10748444
3022072
11068850
18053635
2481088
10748444
10748444
3910007
12486995
280051
26785692
11608032
26560439
1123772
7161031
6005492
21738491
1040440
23460134
18053635
29885402
2579381
12189724
2387680
6671264
22582611
32222824
18053635
3910007
29377655
12488124
18698508
7221538
23853705
14660520
6671264
13932937
26829935
11425824
18053635
19697702
6013262
18053635
23392010
9098048
15277267
32097592
18053635
27050650
26886112
16703028
29460147
23601377
19893663
9098048
12189724
9098048
18053635
1484839
32714398
14235870
22441563
23469887
10748444
16827898
5246307
25279403
18053635
15244129
9098048
16445010
7195520
21843142
16130323
27880661
26635744
18053635
14633546
29304318
4569057
31055370
4005490
32790303
11499477
9993172
6542122
26382913
29305733
20779016
7344451
21175712
17776207
3910007
7161031
33540740
18053635
23805244
22516576
31430355
27295811
10748444
26072241
18053635
23853705
32483880
18053635
18053635
10228679
14387856
29031024
18053635
8320204
23312055
18053635
10748444
13953390
10320850
23154480
8366519
18664540
1186869
23853705
23398009
27489833
26619578
8914151
9098048
7161031
2228647
32690731
19536875
31975444
9098048
18053635
8615119
8838628
23601377
2430630
5479809
18053635
18053635
14315363
3012583
18053635
12090371
9098048
7847092
31937451
27004451
29356139
6542122
24624483
3495084
18053635
18053635
19178362
5168396
24405033
23853705
9098048
24462177
31956805
9098048
378832
17616293
11501321
11527586
21221420
26227106
14997202
11764444
18053635
25530230
26227106
29076050
8301277
18509252
18053635
18053635
1122066
19715478
10748444
7670714
22576470
13189072
21175712
13291075
15886123
30102228
19325769
30204721
9098048
25635924
17130093
7670971
27780607
10748444
6559943
10959246
19198297
18053635
23148715
10748444
5536222
10748444
28559625
18053635
674057
13291075
10461630
11852552
23853705
8556008
14147973
13291075
18053635
25516610
22203516
27262546
7437541
18053635
7161031
12810866
12419203
9098048
33321794
18053635
7161031
18053635
1197113
11527586
7717109
24571503
18053635
9639226
26934342
15044447
9098048
15019752
5178868
9098048
14985952
29924266
6542122
24709631
18053635
10731141
9173946
29840734
18351637
17778473
11528519
9090148
23853705
19280575
18053635
7161031
18053635
25848987
18053635
29259016
13455145
19620356
6559943
8218794
10590571
3995706
32993576
18470485
29830690
24712498
30478794
26852863
18053635
9290562
19482580
7152646
20176849
21910240
25530230
27348695
22102392
27055755
27348695
32735735
18053635
16893270
18053635
10882213
16704200
26227106
10748444
28109810
18053635
9293396
18053635
18864387
6640058
12445529
7161031
19502873
7382430
9098048
15125169
6542122
1095099
18053635
18053635
33191451
10471296
4289248
18053635
26193860
31940046
5958536
32236963
13821787
18053635
15341010
12624743
16704200
16256421
7161031
9098048
11083138
5300698
18053635
11475994
13261614
26031618
27348695
9098048
3910007
30950797
23864722
17065085
6559943
18053635
7539242
1915733
22227180
3369815
26357550
20805501
18053635
10996872
27938023
1278098
28757880
6542122
32483880
13681908
9276762
18053635
7161031
29356854
22021352
11493472
6938568
16130323
10748444
11764444
429407
9902539
9098048
1572887
9046383
5564246
26167735
18053635
18053635
2624690
29989880
18348663
18824295
21175712
8830710
8946080
33312840
25440692
2481088
10748444
22234696
9293396
22757845
8845234
18053635
9378799
9098048
31806935
32480292
11421055
14519224
18053635
7085090
18610490
1670328
4221048
18053635
8922724
18053635
6234091
5093096
31999782
28675427
3966609
10748444
31084173
13383861
20322346
7074002
18053635
10748444
17910991
23853705
14578432
4543678
29643212
20196504
1526943
32583127
29220676
2423357
9098048
18053635
24845675
21415230
20805501
9098048
23937016
10853559
6559943
8191308
10748444
31749089
30230730
22933004
2354872
20358998
16385257
24445070
25018412
28517983
18053635
26227106
18053635
32609080
10748444
2266442
5560067
26194720
27262546
31597054
17676212
18053635
10748444
6064517
12826451
20805501
6455221
9098048
21175712
18053635
30351863
10540772
3624921
22753554
3134154
23319205
6918984
26382913
7797550
18053635
15987759
18053635
21175712
23853705
11927432
10357408
30805011
33138260
20755611
7950310
21410114
18053635
15916055
19039955
9098048
7161031
11409761
6432211
7200471
18053635
7085090
30502449
2261145
2423357
7085090
7161031
22404547
2148358
18053635
7827255
4289248
20459640
21076960
10750482
31237537
7221538
9098048
385095
12090371
24911199
26036234
1154839
3413486
4410270
753594
18053635
18053635
18742197
28044322
3558198
3910007
24079419
16704200
18053635
18680880
6693352
31660510
8647483
32690583
16445010
10421500
3910007
10732702
17081163
16653989
32483880
20064952
10748444
7880574
9059261
14937397
12998001
6542122
12907958
33292043
32101705
6271442
20476288
17292834
16445010
6496578
20805501
30117214
26635410
23392010
28869458
29294945
13072406
20730445
20238123
9098048
24172643
13492731
32814316
6542122
27359188
26367693
26227106
7221538
31795560
9098048
29234389
21256550
18755830
19428941
4118962
16130323
25468593
10748444
13966342
27140889
32929323
9098048
11172894
25877610
2424557
25530230
15270429
22521403
4719344
30120492
9098048
10369468
8801573
13408715
20176849
7482303
26382913
17408950
28702877
25066129
19796
20805501
103671
18824295
31925002
18053635
10473229
22677280
4061766
31945589
17603225
5021216
28272863
9098048
26173496
18053635
15000958
28713604
9098048
4818594
3278803
18053635
2481088
18053635
14230280
1024889
21284604
6542122
3218615
20622288
14143846
9636332
286973
17696700
15542170
20565784
29924266
18053635
16293331
32634309
11930475
18053635
20176849
22235616
8739080
10631728
24261534
28532417
4592501
1017310
30153029
13291075
25530230
8728244
10029824
15317259
24837158
18053635
25550634
18593554
1937010
2588530
3910007
23853705
1746982
22355755
14053163
16935403
8581950
18141222
15003048
16808789
18053635
16445010
18053635
23392010
22711337
25856114
19264167
9571452
2397542
26522752
28799227
22724684
10816347
10748444
14769618
18113118
23624082
20692133
9487073
10748444
22910186
9901136
9098048
20664442
7438673
6837270
3925819
18053635
18053635
18053635
10617265
10748444
18053635
26382913
23575541
33196761
18053635
9098048
10748444
21325300
18053635
24571503
3690272
18053635
2086444
5612179
31810416
10891124
32848588
19499524
29902277
18053635
19464034
23728744
193423
9019573
16657517
11685067
6671264
11064015
14299207
18053635
3735119
28767338
18053635
26213103
9098048
286793
20558441
3910007
31802496
13124229
24176593
18053635
18053635
26911516
32568536
18053635
4249828
18053635
16568961
6294004
27004451
10447635
24243245
18899002
27697620
30907426
15184507
18994495
24014699
25068734
15003048
32483880
12664331
18053635
17230517
8587066
23034046
22067891
21175712
26893412
18053635
16704200
9487073
18053635
6455551
2106912
4275495
29220
16072615
4421960
27262546
17973146
28680222
23063736
7118952
22627198
26946456
18053635
1688430
9098048
16445010
5958536
20099060
23392010
9098048
10684886
30505682
32846658
11996745
21175712
18053635
4765956
28596552
9176300
28570178
12998348
9098048
5257630
9098048
6431009
10506394
30901641
9098048
29601503
25530230
18053635
6707012
27190432
22408335
27926290
24492427
18053635
16445010
6449623
30772937
433081
18053635
7818232
18260983
24771384
30656352
7429665
23392010
9098048
21302108
15585592
16851734
18824295
10730197
12391206
30178671
7780859
344345
8497720
18053635
15124693
25848987
3100925
6813415
19039955
2417709
10073898
9098048
9624474
27262546
4361340
7221538
9110323
18053635
18053635
18053635
21175712
23853705
18053635
17644577
32069114
30453330
5475935
18053635
25669882
6794517
6449623
30301743
10748444
9098048
13195559
7467098
18380166
8493167
12547236
11411890
5028588
7232294
3650110
30635454
29987609
8747048
26227106
24253617
31217871
25421687
1088220
24132746
23612984
16471768
8613943
9098048
12426936
17802112
10748444
28888577
9098048
29689990
1006761
6182503
6542122
25530230
7161031
20805501
18824295
27211026
17634981
26227106
33196761
19784883
501197
2725278
10403256
13042700
32222824
13359669
23392010
13922960
16174033
6542122
19213606
25730843
18053635
18053635
17283679
5852883
21938926
9098048
5958536
12397973
12983871
25876286
32480292
30805011
27100084
4881822
32885485
25101421
6006319
11425824
18053635
18053635
18053635
13790501
7452988
27732277
29924266
9293396
18053635
10748444
18053635
26193860
13726166
33360804
21175712
819442
19699374
9098048
16070899
14487124
15946069
18053635
29802443
28447273
17900085
32483880
32806796
18647511
6559943
16314613
10748444
26861446
11536048
23551240
16481418
18053635
19084361
17092633
25870874
84233
14387454
10501482
24310158
9438256
7161031
18053635
1548443
32222824
9378799
8224540
31239571
7620072
16130323
23853705
18053635
20805501
26753795
25861976
31269878
18053635
19983632
15085190
18053635
6867979
1182985
9573605
32831821
30460964
7745270
21074223
9098048
25443342
9098048
18053635
10748444
23392010
10748444
10748444
2146969
2206747
8058528
11764444
18053635
9098048
18053635
12873131
18053635
13291075
17351142
18824295
7521860
25793065
12809947
26382913
2423357
11064015
7161031
31317204
16693002
13270958
7438673
2514486
7438673
22037220
31843549
15705194
24138624
13291075
26411887
18053635
12629525
33284604
18053635
9098048
20176849
27348695
27758785
30257909
9098048
17331867
18053635
13834181
9378799
18053635
1199398
23050723
16130323
28851938
18141222
28171637
18053635
30517350
4488290
2423357
21388224
6542122
18053635
18053635
6075821
13686701
18053635
2726146
24410818
17314521
26382913
4347335
16582268
18053635
9098048
24552141
18053635
8005149
17958926
19774199
15406920
92610
2746066
4441699
2588530
26718613
1122066
12371098
18053635
20628487
21175712
30430101
338829
18053635
10748444
9098048
23853705
17713376
20176849
9098048
19653662
15184067
16985965
9091263
3461225
18053635
24309327
6027208
26227106
369183
25828159
32087381
18053635
26146270
28034890
18053635
24013687
19041123
25530230
10369468
16985965
23853705
18141222
18053635
2229045
6542122
10446306
33039235
22746068
13684020
17907498
28705166
10612865
14074914
13012590
23825848
7717109
10730197
10748444
20805501
19878934
9098048
3910007
10748444
20805501
18104365
18053635
5678257
8830710
10748444
9098048
23211644
13019971
18053635
21930341
29057841
27139474
6159726
3848556
18053635
13678990
27981617
26227106
26128493
18053635
30683174
18053635
32222824
9098048
23853705
84233
6160392
21175712
18053635
889457
17671684
26411887
31945589
13608277
20805501
20805501
27348695
18824295
9098048
18053635
13291075
23392010
24230977
18053635
4583124
26376222
1011219
18348663
24251600
18850771
9098048
15221681
18585650
24438281
20805501
236255
32483880
18053635
9571452
5942139
1477229
11705203
26227106
18053635
22555182
8681763
688756
21098627
3138741
18679009
896288
10371124
18053635
16148358
3124599
10501531
16869907
9617930
12189724
20622288
9683182
15325366
18053635
29890585
15442297
24216191
18678291
18053635
26227106
21175712
10748444
19651703
2299650
25417491
26162260
9098048
7017659
9098048
18053635
20763778
14282363
17460996
29851049
23623686
27864645
2423357
18695002
18053635
8054394
24908560
18053635
6609824
18053635
15362948
19039955
18053635
2428602
26382913
478845
8712441
16046422
33082422
9109298
11701788
21175712
14949782
17490931
18053635
1748333
11493472
18053635
2429542
21453358
18053635
14392242
3377245
10748444
20805501
29417985
10748444
20805501
16935403
20230609
10943303
21855669
30735359
9098048
9098048
1755065
8625973
23067730
18356057
18053635
1928370
19541364
1873062
18053635
1650212
18824295
32406919
18053635
31082588
4257401
27262546
21020682
20805501
23048523
18053635
23392010
24814946
16506129
10882213
13945107
6958677
8683031
15562013
3874548
1122066
29403656
29677298
9098048
5105306
25530230
26227106
10369468
11181857
18053635
20058676
18824295
27117909
9345358
13090268
18053635
16704200
18053635
9098048
29851626
6330066
29099166
23615612
9098048
21175712
23319205
5788893
31907645
18348663
56115
21667312
14492927
12197672
16058015
17069113
14997202
6542122
6826390
31416985
3396396
19977449
17801710
11462092
13510459
6034785
19523484
9098048
18053635
10748444
18053635
30477269
29821548
10369468
18053635
18807305
28435266
20062657
3817160
20805501
26727649
25957368
21175712
16143669
25036313
2423357
21872664
3910007
18053635
7161031
18053635
7221538
6460873
3910007
3623523
17213788
1613220
16140259
6542122
23392010
9950501
3056406
21325300
4677888
31945589
1208347
33380987
18053635
9098048
33035303
16505178
7221538
18053635
67360
20805501
29764094
12835634
10730197
15675309
2151131
9098048
11701159
32565811
23392010
27864618
11857948
9387950
18053635
18053635
24316280
11170142
19467162
27645195
7161031
10369468
2588530
10730197
7597072
18053635
24515300
18053635
23623049
20720231
28104841
3910007
26382913
27740173
26382913
18053635
17331242
28390458
10748444
8813228
9098048
1184956
23392010
27374243
13291075
10732702
15574348
4451034
18053635
6542122
7813339
14983902
8177216
9098048
18053635
14238012
14502502
1149094
9800745
18053635
3910007
16026533
9098048
29544252
16130323
26810606
24663447
26227106
9098048
17739607
10748444
27709824
10748444
18888739
14968187
13681617
4886524
17069113
10748444
20947997
13638507
663539
9098048
26167081
18348663
23939303
28397663
23444848
9098048
30148828
32964511
18053635
4388330
16411892
9098048
6559943
19335891
4719344
25717672
32222824
15611112
6800337
32422134
23853705
20209260
1226128
18053635
12805753
21325300
131545
13769701
23672158
8309343
26411887
3417652
18053635
32480292
18053635
8436200
23528631
19030394
33022147
10555714
9293396
27262546
18053635
22575028
30183435
11325833
9717010
18053635
14833955
13316598
24069522
15712895
9710125
16832245
10730197
16704200
4202616
23853705
10748444
146588
9222457
31115151
9098048
7085090
9098048
19125725
16379664
18053635
32480292
28517983
15842524
10748444
18053635
68360
18053635
19026252
5715126
21284604
8247274
18053635
13640090
21175712
19126618
17655161
9098048
2481088
9098048
19305087
20628487
32846357
16994779
24679140
9098048
13940390
6542122
7161031
11036843
18348663
10730197
9098048
7381676
31736238
10748444
18053635
9098048
18053635
21966682
5714696
18053635
9263032
32936282
29581611
14929856
10748444
20534337
7161031
29527711
4568194
31839921
19649460
10611506
14639150
30744127
9098048
25014751
2717011
7378609
16130323
17373045
26376198
31762049
32505850
18053635
20805501
14148169
12391206
18053635
18053635
11113091
20805501
14636338
10748444
302369
21326057
9153150
26382913
10748444
28734279
15545014
28125555
10748444
21175712
24597915
14865581
20814220
30218045
26227106
9098048
21175712
11039184
19379781
29989880
2514486
17008844
11767540
16092314
21002406
16969458
3062413
18053635
28554206
11425824
24688035
11577980
21751789
20805501
15245960
513455
27926290
23565489
5485379
21175712
8301762
9098048
27262546
16239110
10311319
9098048
18824295
24438281
10748444
8364899
27158695
20315974
7161031
13831686
20180715
7369979
26319517
18053635
32006434
17701650
18053635
1386767
6013262
18053635
15746269
18053635
19726389
3947471
27647609
31822534
23929145
9098048
19524587
18053635
11424476
14850792
19873461
23853705
18053635
10748444
9004369
32772573
18053635
22665520
7863392
2423357
18859172
20176849
18053635
21169633
18053635
14299207
311980
9098048
22836653
17428152
18757577
18053635
21244476
32422134
8830710
17494470
30989206
5963665
8845234
14378706
18141222
20805501
12532400
31207940
20340677
13678990
28749632
12391206
15837083
20805501
9153150
27310350
25105226
18053635
10823665
6277
11358078
25530230
31829510
18053635
25537638
9098048
32566703
9957513
4435806
18141222
19446074
23853705
11259217
9098048
15262374
3423388
23853705
17188039
27550860
18053635
26167081
16055471
21534248
10748444
16704200
23392010
32639401
12002664
23392010
3603876
32483880
18053635
10962512
24014531
12814995
518047
7167828
20176849
17053015
19039955
8654928
5958536
17980574
17491058
7474405
25710586
26227106
29995083
10962512
30857509
18824295
13107234
12189724
20805501
6431009
32626295
4324625
10017202
18053635
18053635
30586575
16172820
13291075
16704200
26227106
13291075
9098048
6183513
6978665
4289248
2308157
10730197
6182503
18053635
10748444
22723770
4225198
18053635
16445010
20472935
29924266
1971171
1710834
21175712
12285292
26749543
4840237
25004752
15882463
18053635
29175558
25029757
18053635
9098048
18053635
16130323
3925819
31738561
14983902
2002079
30744914
10748444
15451701
14072695
6438764
9098048
18053635
9083953
7054249
16070706
18870385
18341776
23048969
11441804
33280708
23392010
16797331
9098048
15901292
33326196
20964592
3769735
9098048
27492448
7029379
20805501
24527263
1558924
23875993
1527996
5958536
18053635
20226758
6514290
20664442
368770
9098048
28777065
16052393
7438673
23612984
20805501
18053635
15882463
10617784
13471216
4297272
9571452
27589827
21325300
21175712
14159350
26539693
32520714
9098048
28309852
18053635
25893680
20189166
10748444
18520785
33515499
24302387
26195265
32222824
18824295
7053411
7276112
12899102
26438488
16445010
18824295
29171696
20706567
26376222
24082294
4289248
8055506
3559867
14235870
23658389
6240490
28371768
18053635
20805501
2716480
18053635
16247016
6473500
7161031
32480292
12090371
23409447
21175712
10369468
518047
10748444
26055018
11568409
23195774
21191074
11898018
1195632
30211506
18053635
18015247
20176849
18053635
23392010
18053635
27377086
31509484
18053635
3017131
8378275
19106216
18053635
3176029
9098048
26213103
20911342
9098048
19651703
23067730
12245505
23612984
849318
18695002
18053635
23392010
29827063
21175712
16851740
28813209
30171671
9098048
3910007
9098048
5421342
14278337
29242999
12456666
26588568
29935592
33225906
2937964
19856187
9098048
30505260
26382913
26381649
30619667
21175712
12015713
7590547
8352849
24133674
29562912
31667375
9293396
20108324
33148862
17884812
28210808
18824295
25094099
20638397
12232677
23392010
9098048
17576621
239551
6542122
26588568
21175712
12043699
24092483
23842977
15831981
28475366
18053635
31783942
20805501
10748444
13784805
27980346
21797587
6542122
30863134
20805501
25670030
11906502
18053635
1602924
23853705
14441231
24540125
9098048
18824295
20805501
13072406
31053259
18824295
7876847
18053635
31378065
16445010
8315710
19106216
2151131
11425824
18053635
13517098
2709482
23392010
21520129
11464984
18053635
16523599
3439520
8637955
18141222
19203148
4029855
5038153
18043251
13088738
19611100
26069008
3573230
20173840
20805501
24232574
12442168
18053635
20805501
26167081
18053635
18053635
2430630
25004405
7539455
5185717
18186173
32510373
2138247
24387878
22254700
19651703
8281152
18053635
26064090
29817343
897022
7161031
7360830
26720903
8436473
12709748
28749632
19784257
31630548
7113928
9098048
7221538
18735548
20071726
16061810
30033892
18053635
28167533
7276145
18053635
26390159
27262546
24765135
20502868
22552489
8841205
24571503
7669889
10323891
6364983
9167033
3879333
5613274
1572887
15263491
9212265
4689461
27616385
19856416
18004040
18053635
12839304
26227106
2430630
6144517
32483880
23144135
27608306
19085606
18053635
17047000
6542122
1083934
8534470
20805501
18824295
10748444
18053635
27390574
27190435
317545
12065751
8824411
10289083
29092648
10748444
16704200
32363647
8077201
31288815
18053635
18053635
20805501
28995975
19405298
30579635
18053635
1122066
18053635
19015486
30959539
27372300
11425824
358278
23694721
5887422
32347354
18053635
30683174
17598411
18824295
9487073
26861617
16714112
23392010
5532694
19930451
18053635
20622288
16704200
6542122
18053635
22018282
20964592
18053635
18053635
11128009
32346528
32831821
13636835
4300829
2304015
23351791
25530230
19651703
21667312
15893307
31217871
29226507
18053635
21175712
10748444
9098048
18053635
18824295
19891637
5947245
12406318
28291395
18824295
2868216
8445706
7118086
7904013
21284604
18542463
23853705
20805501
8975941
9098048
14697930
26745238
6542122
33122716
7827255
20622288
17340166
4533224
18053635
13072406
22016219
3910007
9293396
18053635
7590547
18501114
18053635
26030539
26227106
20805501
26879537
7220770
23853705
16130323
32222824
9098048
22892977
18053635
9571452
19622894
9098048
27257173
680016
31956805
17971559
23853705
18053635
3938266
821989
6542122
18053635
12730865
10662403
30534196
21403160
18053635
493797
9293396
32544619
24597915
5307005
17331482
3001244
9098048
18053635
9098048
11170142
3969154
2216464
6610600
9098048
10748444
11010375
29234389
6449623
17604683
10748444
23509731
25530230
2005192
28425455
7161031
811871
9098048
32102024
20805501
9895844
18053635
14888088
2423357
16901835
16377421
11939298
10891124
13832934
23050401
9098048
18053635
9098048
18053635
30258243
32674367
9009113
26553293
7996035
20622288
25530230
1124855
23510554
21175712
18053635
25530230
2579381
26009752
18053635
18053635
17781649
9566088
12189724
12281601
5088551
4689749
22179568
3952613
25388485
16892098
26938535
21175712
22948140
6536456
2588530
20805501
6637569
6542122
630308
2297895
23254829
19930451
867228
9098048
26213103
11695086
21724889
6542122
17417631
19437223
6542122
32267316
18053635
10694508
20176849
31620735
20189166
10706097
4085083
18053635
18053635
23708474
18053635
15440708
18053635
23994613
13169541
2225060
9098048
4380946
18053635
7161031
19852775
18053635
29455123
26227106
9098048
21392101
9098048
32225254
32480292
25787059
1647528
23853705
23392010
18053635
10891124
8646605
56115
10816347
2588530
24438281
2392068
6978985
18578121
14828372
19066990
9487073
27123918
18053635
19684859
4308688
21175712
20805501
18053635
11813450
18824295
11425824
21002406
23853705
22021291
28850059
24952397
10932022
15077848
18053635
24668264
20988165
18053635
30814941
30879221
10748444
10748444
10748444
14706654
10748444
29764094
10730197
24438281
10748444
26382913
14865649
8572349
8309269
26897737
9098048
3802086
8737207
18824295
29311042
25530230
25593385
31760380
25389241
18053635
10330402
21674094
9098048
9562501
8210480
18600005
9098048
21982181
33388439
17299248
22534389
1515049
29781838
28352608
1126323
21388347
10748444
27262546
12774591
32076862
23384859
20447139
9098048
10730197
18053635
1068509
18053635
26227106
6236642
18841287
11150018
18053635
21284604
7636116
15004296
16861884
33122716
12276126
23601377
21325300
18053635
10613235
18053635
11036164
4699309
21175712
10891124
13765517
12798190
7391325
3910007
18053635
21175712
9311902
26227106
11872281
18053635
19565010
6548308
13966342
18824295
25538496
17632294
31752580
18053635
11536048
4029855
15547399
10748444
18053635
10748444
21175712
28767338
28257967
18390834
16317105
24948863
10891124
7161031
9098048
16119190
22094828
9098048
20987645
18053635
20609186
15712895
9098048
17576887
19074338
18053635
18053635
29183960
24031428
31267189
13291075
32113168
7391185
286793
18053635
18824295
8830710
13848353
8532879
14600689
9098048
20503177
2371511
23033215
18053635
20805501
11536048
10369468
11211142
2714882
20805501
21284604
25426297
19767073
5474080
6542122
2927933
18053635
29043510
17085718
29928338
21229135
28904975
13881533
19039955
7161031
9098048
16638367
18053635
9098048
4328834
6426247
7591596
7498718
1220198
21175712
6733725
883109
9293396
18053635
7344451
25421687
10748444
1118967
21846859
5257630
18141222
10762783
11132050
9714594
13328794
17952606
20805501
26072241
9207500
30280773
9098048
32534734
9288962
27498601
26382913
20837758
15208847
18053635
4739744
21738491
11013975
22961096
18053635
10371475
6542122
18053635
20805501
32831821
14740968
18053635
2010693
19743070
10748444
17004235
14707041
27253516
11376955
8338081
2505516
21116797
19162637
9098048
17855043
9098048
27353957
18657767
24221213
12629525
29989880
23875993
11905433
32422134
31195115
18824295
23195774
21517300
26506411
26411887
26382913
10748444
24001080
7590547
10925598
4029855
21175712
1677038
21046506
11880094
31591625
17208370
6632794
18053635
404903
3137272
22614962
16869907
20622288
18053635
16824492
26072241
26382913
4553711
17950643
4474813
9098048
24571503
9561957
23853705
21050185
7438673
32145409
20176849
7710104
28205482
9098048
11709929
10730197
26072241
15340068
9098048
8353595
11538793
26227106
21085287
10730197
17000022
2430630
31273793
20638397
18053635
4638390
9098048
8745195
20805501
33100436
9098048
17165989
20805501
523989
11425824
23853705
10748444
31752580
18053635
7161031
3371568
30989206
14591380
2588530
6542122
21175712
22246065
18053635
10748444
2562242
20805501
4359960
10748444
28749632
325241
16130323
20805501
1245275
27262546
20817924
6568254
28303153
20805501
13477390
11968338
17415826
33009993
23853705
25932325
2589004
10612865
20287670
20805501
5312472
10748444
2588530
24433086
9124773
5958536
9387950
28465271
18053635
5946402
8275053
7161031
26319517
8959394
25191201
10433763
18053635
32971998
16684604
21325300
12818503
20805501
14299207
18053635
10179665
10748444
22978769
9098048
16277581
2430630
9571452
31711769
19115126
8015907
21175712
12914132
23718451
11230774
18053635
22967021
27187241
10748444
18053635
18053635
18824295
7651537
20805501
27692114
31003459
10055836
31630548
19836425
31839921
24157620
30810869
18053635
9098048
10748444
13314789
18141222
20879000
10748444
24673311
16969458
3912440
3449303
18053635
18053635
3261377
18053635
10321909
18053635
26270457
10730197
21309964
21175712
16339664
29521242
16736713
15802072
11041999
14933489
19039955
17671684
18053635
18053635
21975564
20805501
13169586
33128814
18053635
24803529
29501834
16130323
28788591
27262546
18053635
13291075
18053635
16506278
8620924
3303430
12391206
18053635
286793
1948470
11321905
2734356
31550276
20176849
32167750
13291075
28211043
31361250
16130323
16756744
6853034
12995037
20805501
21957153
21229135
20805501
14997202
14282363
9077878
3603548
31847581
15978211
20805501
4401121
10731008
4941711
24435183
7221538
6559943
2481088
12135796
15712895
18053635
14769618
9098048
9098048
18053635
5925565
7074002
30666347
30419427
26227106
16130323
18053635
32222824
1552220
17979417
8409973
22246065
18053635
5501391
18824295
25459090
27300663
29168906
2258066
1033331
774173
21328781
13408715
10369192
26227106
22055185
16869907
29521108
18053635
21325300
32506912
31605768
1395117
23392010
18053635
3503796
23392010
26382913
9648842
33515499
15003048
30416520
9623276
18053635
25969392
5034539
25692927
25396717
21539478
6542122
16130323
2404947
26227106
9098048
18053635
16690223
2388608
29851626
20848777
7161031
26002047
21613022
22680537
16704200
25530230
13291075
25305937
9261029
15214201
21817494
7085090
12345144
23022060
18024092
28590786
19591810
26153855
23388065
2057910
6059924
18053635
32110866
31696752
7263454
26455214
28360443
25493925
5257630
23394843
7161031
948480
3446964
28471861
20805501
2323354
5773226
20805501
32617595
13291075
21290983
20805501
7161031
7959420
9098048
7161031
27262546
10748444
18053635
11857722
10748444
31635695
18824295
15948146
28428534
9098048
13291075
33225906
27670042
25530230
14623630
18053635
7590547
11347859
6424948
26151974
18053635
25849158
20717063
3810241
30310624
18896965
10601218
10748444
17116596
23853705
10748444
10962512
24251033
9098048
12876950
9098048
17033690
16411652
9098048
20622288
7412375
23757687
5992459
11321905
6559943
1697239
10553916
10490637
6167281
18824295
10748444
12318040
33177809
9098048
28017508
22677635
26227106
9946616
5386994
31439593
28616489
21175712
18053635
21325300
18053635
15405846
20695994
4422421
3358739
18053635
15003048
27156450
9571452
15588564
26390159
1154839
7502395
11174889
9500525
20176849
10323272
22574542
13966342
18053635
5718546
1305409
23922215
6559943
16887552
28711417
17983598
4230238
8236990
10369468
32661129
6542122
16766200
11480969
25234427
30175809
19651703
18504358
14769618
18053635
17255625
4588788
3910007
33426757
18053635
24799576
13636910
7161031
17200130
25367860
18053635
8389731
18053635
26227106
12330112
27901182
18824295
19649973
18053635
26319517
31343107
24555645
18053635
14007459
15209292
10748444
14399115
11124252
6064517
13778750
24823588
969221
18053635
23184768
14922021
18053635
24445070
27249624
9098048
1805617
22041647
25212349
7161031
14707411
18053635
3910007
17367321
13444303
18053635
12143057
7862559
18053635
9098048
29644827
2973881
27243016
1389466
13717094
56115
10449102
30280586
10748444
15043319
5295451
23463672
5786472
7675221
20805501
9098048
15003048
717625
6674201
13042700
7161031
6378601
3261377
21175712
2494749
3910007
24229428
8698613
5543379
19965151
21175712
599008
23398000
16116077
19886896
14431006
6586048
22657294
9098048
5794348
9098048
7161031
4885452
3624921
3371568
9098048
28022884
29841830
19790063
14148634
9098048
23369372
12562213
6811739
6559943
6092686
25840220
29824485
18053635
21175712
8026037
3910007
18348663
12086581
18053635
18053635
21175712
32382778
18053635
13940390
20730983
9164389
3863988
928478
16773019
11041999
23853705
10748444
23338083
9571452
12153688
29918414
21175712
32819908
23853705
18558227
21308675
10748444
26227106
20805501
4683404
4538673
10730197
26750501
7591008
10992330
15658008
20064791
30642010
25489129
16006598
30884688
31272373
26411887
30564900
3558198
10748444
13730929
30451283
18053635
10748444
15169147
21175712
4289248
17355146
27506504
18053635
18007540
24693143
18348663
7161031
21325300
5958536
11160538
3670976
21325300
13571999
26227106
21175712
3910007
6431009
29670985
18053635
24965000
6542122
31207867
20287974
3495084
7717109
28876340
7584825
15489193
4486516
10748444
24172270
15645055
12750747
18053635
17010649
17714793
20805501
30422287
4689461
7705661
2246223
24548029
23853705
9305710
10748444
21693481
32831821
18053635
22797193
10748444
18053635
9511131
17798448
13321419
9098048
1840407
12189724
22819171
16834983
21325300
18053635
5816960
6542122
26072241
19039955
24288295
18824295
2892036
18053635
32222824
7221538
3188660
33196761
29595430
23239630
10962512
13366683
9098048
3925819
22042800
23825170
9098048
14320785
23906961
8436473
33103689
27495466
10748444
18515199
18053635
1682936
25320523
10748444
10738805
33067526
15526038
23853705
9098048
18053635
23968754
3497166
23413354
18053635
28889533
25185256
13681908
24251033
24687894
28931225
18053635
4490418
2423357
10730197
13681908
18113232
29924266
10748444
23515527
18053635
24355006
23861211
5111533
20189166
12185898
13773732
23853705
13671822
16814773
9098048
11575729
6542122
18053635
9098048
8830710
2837674
28063337
22561388
5184568
24571503
17706887
26227106
24288940
21175712
26816262
17404062
15712895
12394891
15269174
10748444
12442174
26705933
20805501
18053635
18053635
23601377
23575541
17548219
18053635
18053635
30815359
18053635
26288887
2423357
5086112
31247134
31806935
922102
18053635
18053635
26595392
21497514
18053635
6612726
27262546
19428278
12189724
11059637
33399151
33109857
10748444
6526432
18371390
18444476
10748444
18053635
9098048
23184768
30274327
22021042
18053635
16130323
26382913
21325300
985984
21175712
23238450
2946110
6526432
23392010
20700925
18314721
27262546
20321414
28767338
21325300
3406019
20176849
33147877
4289248
26227106
27334629
30400691
30022933
302369
18053635
18824295
18053635
26225976
32577621
15988872
31700512
14928359
21601719
10730197
6542122
19744501
10748444
22493061
15194631
23853705
15963411
20671834
14130012
5958536
18053635
19039955
2085549
21284604
10748444
10891124
18053635
12920390
18053635
22501356
7773871
5428281
10748444
31099290
26390159
25637884
29650109
10280852
9207500
7970171
5745541
9098048
7097516
2656016
6462685
28287032
10748444
18053635
3693933
18053635
19720213
20805501
6798769
17516479
21284604
32222824
27058559
21571989
15956104
9534831
28034890
26151974
19651703
20884376
23623049
6038023
9293396
4731066
1850776
7827255
30174160
25476986
33546928
1704849
5168396
9046383
25994937
20805501
16489570
13197344
21175712
507331
10748444
6396868
20805501
33515499
26227106
27867141
30080193
22521597
7052330
20805501
21325300
18053635
21273519
6542122
18053635
28390458
18053635
10956740
967003
3848832
10369468
18053635
19177294
26227106
25658745
5898414
20073136
9098048
13284334
18053635
17943867
10748444
22236184
10748444
23184768
21249518
7717109
2467764
7886607
27880800
32043248
6542122
7401616
9487073
9098048
6559943
2006422
13291075
31328604
7161031
688756
10730197
23601377
18053635
2410501
18053635
28788591
12106633
29417924
20805501
6559943
18053635
19735309
14030966
8830710
24158633
18053635
9098048
13448149
17837047
28563785
10679131
15325366
6542122
23853705
9669434
4678377
20638397
20446373
12961419
7161031
7989038
20291376
6559943
31713898
8036582
58440
18053635
9098048
3632585
399814
26737620
10730197
8545997
1800865
9098048
7161031
1614586
9487073
14660520
12515259
10748444
18053635
28649654
2751486
6542122
6225846
9652970
26411887
23176597
7589943
21175712
12189724
15960603
1488719
23902490
11764444
15418911
24571503
6033705
30282755
5257630
20805501
33363715
19402972
15362671
2461451
21377099
18053635
874703
27262546
1122066
18053635
18053635
3550800
9537509
11130634
24985872
15071795
4170729
17505136
3720975
11176502
23713203
2550308
26411887
230725
10732702
18053635
18053635
24504546
1248743
10748444
286793
22312718
21229135
32222824
7879665
25651108
10369468
14966091
26272187
19292459
15499906
9098048
17588191
18053635
9993906
23788165
7221538
18053635
11064015
27018895
12790888
27262546
1017310
18053635
18053635
12508121
1802740
9098048
10748444
27875797
18053635
19646308
20291260
17108996
7904799
6525330
18053635
23392010
23853705
2491859
26227106
3611134
27072155
19039955
21388347
27186963
13607917
9926086
9098048
11584077
28379319
3394665
56115
18053635
6896699
28375503
26382913
2588530
22330423
3925819
30235990
29538329
26227106
14126858
25388485
10748444
7221538
14644456
17797757
18053635
29203311
12449242
9571452
21973099
29544252
15979606
5173362
33327048
8236384
3880166
20805501
16193540
23184768
15948146
31598863
21175712
18053635
7789601
18053635
21373929
6922311
643137
30096372
30175809
20189166
17036471
27233208
2454707
29175262
18824295
22487770
25431601
18053635
10748444
25563254
20805501
1362881
32598584
22627870
21169852
13683528
18053635
18053635
18655971
26319698
23601377
13291075
9098048
8830710
13966342
27486412
18053635
18141222
9098048
4554601
10748444
23394843
15798742
31473888
11041999
23853705
18053635
21731059
20686545
5949119
25735455
9098048
6431009
2258472
27262546
33018942
9123173
18053635
17398514
9098048
6599315
7161031
18053635
22694387
25713698
9098048
32873347
32222824
28304220
24571503
18701064
23575541
18053635
20596603
31178775
14928359
18053635
19105675
10748444
3107303
18727641
1023805
10748444
31752580
143071
18053635
18053635
17280545
14769618
15778847
15576807
18053635
29063281
25736174
11692114
14966091
8170317
32777898
18053635
18449956
13220187
8960724
10730197
9549014
9225943
6559943
9026669
14067873
16852522
9098048
21738491
12803441
10891124
18463540
22932186
16704200
27262546
22078825
18053635
17993961
23510554
16780783
9098048
16112753
11036289
22335078
3387956
25811717
18053635
18053635
21284604
10458819
28913070
26903293
7463718
9098048
14318773
31945589
1226095
9098048
18053635
30586557
32762605
6542122
19856187
21175712
18053635
26366654
7161031
18053635
13922428
3170029
5852539
18053635
27262546
18824295
7344451
21284604
22444855
9098048
20007299
26048062
11514469
6542122
25885838
32948453
32483880
16489328
32222824
18053635
16696581
10962512
18053635
20803944
9098048
3681965
26390159
32578418
9098048
6525811
18053635
16831281
2299650
22898085
23853705
6542122
18053635
23742242
12986752
14603935
12189724
15003048
8988573
20915502
5325138
8861775
18053635
21284604
3393934
26749516
9330240
6559943
32483880
25238524
12574786
1682936
31707563
24418401
5414281
18053635
18053635
23612984
18053635
27075144
20176849
24251033
10748444
10748747
156345
523989
2929288
18053635
23986948
18274223
30246605
4594969
33097938
24114928
23392010
429038
21175712
5078809
411794
31411518
18053635
12723663
33177321
11172920
20287974
2008362
23543115
9865474
7705161
12691552
20805501
5423106
16769007
18053635
25530230
14420680
8328728
28084212
9098048
27455107
32499389
18053635
11479211
19402474
21175712
18824295
19066990
20805501
3832501
23145240
17385061
469043
33358779
14920572
17724183
6503553
8838628
11900191
16055471
33335696
14053163
22754532
7928070
16482716
18053635
25151483
23016418
18309662
9838503
19100969
25644058
17642075
2882553
2423357
32376912
10748444
29113857
2500698
18053635
18053635
2536703
16445010
18896965
19762901
30078536
8543992
10748444
3126384
23853705
31053259
18824295
30828987
22055936
9098048
19856187
18053635
17798276
21175712
3782449
20763778
24901324
18141222
18053635
20683414
10638602
10405471
23964963
10046832
18053635
29531047
14314177
18824295
20805501
18906134
18185257
10748444
18776908
17255399
29935128
32400689
9293396
26309235
6740931
18053635
18824295
9098048
31173917
15642827
6671264
25853725
15740960
7161031
1330451
10336234
29893091
3371568
8747048
25530230
10748444
7161031
28447273
18053635
1423792
15445843
24573432
18053635
14740172
18053635
2740818
3383903
31956805
9098048
20805501
24064015
30170471
28699298
25341935
17119349
24380470
20885329
18053635
32009967
23853705
31926370
30110691
1248519
25596740
12570182
11962260
27848
30325320
31714369
18053635
25391969
14589263
18053635
9098048
20805501
26193860
17685085
7161031
13291075
18053635
12391206
21175712
20805501
19865333
23853705
10476370
18053635
7680939
9098048
20917452
20984521
21175712
880063
4740012
18053635
3910007
10369468
9098048
3910007
9323344
10748444
18053635
3632599
2717558
18824295
23601377
17249593
9537509
21325300
30815359
16478860
21410114
18053635
22765800
30230967
22884318
26193860
20769836
9457284
30936797
9834987
11116232
18053635
25530230
9430598
24714715
21431698
7161031
18053635
6600779
6463555
26009752
9267080
22767026
19039955
12189724
16130323
6254936
12584846
16494418
18053635
18053635
12189724
5852783
5794348
18053635
26855990
11117487
18053635
8231814
18053635
12635273
23328968
21093835
21325300
18053635
3781091
24571503
18053635
30464391
32483880
84233
8071003
11398752
1456738
30964172
15712895
32483880
111355
10748444
18053635
13291075
286793
21210695
8268182
11036843
1041970
20860072
4823796
17222541
18053635
2026953
27981123
32544595
2579381
18053635
16516324
23853705
11328870
29828180
25029757
9963840
16985965
4760815
32953011
23184768
450243
4210997
10628761
18053635
18053635
22392629
17124961
25680829
20809422
6449623
22499893
29924266
16908020
9100854
29215382
20805501
8174994
22147372
6542122
18053635
31487029
18053635
10748444
14733805
18348663
8411925
9098048
10730197
12197672
18053635
23533059
9098048
27262546
24552368
12189724
9098048
24207460
286793
18053635
18837934
20739696
24865905
14728887
9571452
23758770
18053635
19543335
13678990
18053635
10748444
6542122
6145537
9098048
16445010
16445010
8456523
31118561
18695002
30204084
9098048
5470413
25618421
27262546
18053635
18053635
6033192
9098048
24771810
15362930
8287215
15544629
3138741
23392010
9098048
21906910
19199991
5671080
22142111
21175712
17486484
3637771
32480292
24400845
18053635
10730197
18053635
29924266
6449623
18053635
19694532
20394219
3910007
8960017
8379717
13408715
11656791
29772153
9098048
6013262
29532424
5324078
18824295
24504314
10730197
1741394
33396980
9508651
4356321
10748444
18053635
18053635
6542122
20296297
21175712
13236248
7067485
18053635
3884207
17494470
18053635
9098048
18053635
30425900
18053635
21044614
29482822
84233
18053635
18053635
4083711
9098048
10303571
17754845
6967572
18053635
18053635
1807442
7667567
23595782
18053635
20173840
11764444
16634027
2481088
6599799
33241563
30642638
11764444
7387600
3505857
21973099
22636232
12268814
25705784
24622074
19453720
18053635
20666277
13122188
9098048
14282363
1219759
23853705
20622288
2417043
12859881
10748444
32683387
10655632
23746451
9098048
2447284
24693143
4894480
18347966
1004165
2261145
23322345
21325300
1699056
9098048
18053635
26702176
21325300
136660
18053635
21325300
20805501
12232677
27262546
23954470
26359167
28765096
20805501
18053635
21284604
10748444
26302292
9236302
2142213
12067350
16130323
9098048
10748444
6542122
15230560
23960001
6841786
18053635
31716029
3930438
15281535
31288815
9537509
18053635
2423357
7827255
12331802
12322858
8666042
18824295
32569909
12136491
19458502
6542122
10748444
5326180
19739762
8830710
14182947
18824295
15115506
6542122
7161031
3910007
19343940
10019946
23236121
25530230
12760330
11036843
8591708
20020354
21175712
27430523
7699552
30104045
14662343
3143666
10730197
23853705
28839827
5929453
28248809
10748444
9098048
18141222
17217772
20136099
28787918
838650
10748444
21857788
17494470
23178142
19716338
10748444
2506486
31336945
6210229
2396495
3456951
10369468
1585316
23853705
18572810
17836762
18053635
18348663
28734503
31438892
21628705
31473095
23853705
23768585
9098048
25530230
22479170
18824295
10748444
15169780
23994031
7161031
15611112
28927804
31288815
8954379
3910007
18124514
24438281
22625305
14622081
4785604
11537651
18053635
20805501
30565362
4677888
9098048
13626099
21175712
7828643
7279484
9098048
21492413
26382913
18053635
6671264
5399485
9098048
14550369
3176029
20176849
2657815
18824295
23853705
20222692
33077367
10748444
12307346
24092483
6671264
874756
28652072
18053635
33407316
23853705
32480292
9098048
8893781
2902758
16550489
3795322
2100636
14838332
11968003
26227106
9617930
9098048
18958362
23853705
18824295
6627612
29226507
18053635
3261377
1330451
30243147
863929
14603828
5173362
21388347
18053635
10730197
11152927
18053635
11244462
18053635
8058855
30898005
13061846
1536182
7095522
18053635
31558619
31086198
16754633
25389241
5318824
13419635
1937373
7424570
2832599
17659099
33134463
15818416
16458241
17074079
570978
7391872
18053635
32856219
2954912
7096422
26319517
18053635
29567590
32264410
12828139
3817160
10748444
8436200
26142537
6542122
15196171
19541364
18374901
10202993
26370497
11997198
5958536
18053635
18015247
21175712
17761925
2647056
16445010
9522905
31115151
3495084
11315520
23077923
9721051
15712895
18053635
23825848
5443862
21719455
10339457
14359696
9098048
24097591
18750347
27171644
8108022
7590547
28576930
10748444
18053635
10748444
16868903
18053635
18659245
17574367
11819591
14997202
6727646
10472440
18053635
20787484
9098048
10748444
20805501
10676140
20805501
26390159
6646975
25053327
20252190
18824295
9642895
26382913
7221538
24069522
2632741
28520898
10748444
9098048
2588530
7827255
2305031
822273
10891124
17463141
17732117
20227733
20166885
10891124
18503798
9098048
3154621
9139840
25093960
31937965
30931163
29211829
18053635
20586590
10748444
20805501
6514290
25773209
26286922
9455995
10535115
28979198
9782496
6449623
9578340
18053635
6449623
20805501
10320850
20097430
20065576
33262020
10891124
6910360
18053635
18053635
18715464
18053635
12391206
18147688
12143057
12090371
18053635
18824295
4305357
1350196
9293396
28914890
28853287
9098048
26227106
18053635
18053635
23853705
20086357
9430598
18053635
30228601
10793331
12622923
18053635
6681529
9037027
26382913
10748444
22829082
5949974
13499222
10846144
10730197
26647664
21175712
16441584
9098048
3048419
3371568
30496146
30196178
17758114
18053635
10748444
11764444
9329764
24602840
9098048
7916775
18053635
18053635
29924266
23441240
23853705
11064015
13966342
13342354
816315
23392010
20176849
17671684
24715679
13872717
23853705
2423357
30034291
18053635
12189724
21511710
9098048
24823604
26588568
19955834
28865620
25994937
30898991
18348663
26382913
31004901
9378799
84233
609489
16445010
652268
11381973
27348695
23392010
20071726
22071089
28958407
26638105
19830843
33465953
29211829
13922960
17317739
18053635
3261377
9098048
2261145
19883846
9293396
25776150
18053635
8038217
9098048
18053635
21738491
18053635
28015446
2321807
19651703
18638440
17761846
11303852
11258865
31373046
21175712
18053635
31106266
9098048
20322346
3925819
12395293
7356131
16824103
18053635
12090371
20805501
6542122
7983557
7950544
4036520
31411563
21175712
17604368
7357786
26227106
28958407
2494749
9946616
18053635
6542122
4806711
6312115
18977156
26072241
32346528
22940100
13600732
9098048
4871054
8192535
10822236
16445064
18053635
23392010
22577240
9591763
7893521
23044661
19930451
17132714
20504869
5775337
5681481
18053635
12702295
18053635
18053635
19651703
22224246
21246687
9744386
20805501
21622694
17319861
32651633
10748444
31784111
13291075
19790255
29017334
18053635
32991144
10282457
537187
19432214
10730197
14364418
23392010
9098048
16714112
25530230
26271492
16985965
500851
13386558
25803637
12148105
18053635
31162529
30660831
6542122
18053635
20404336
18053635
7161031
84233
26319517
9098048
13953390
10748444
7591596
23853705
4289248
2579381
9098048
14013500
20805501
26041105
31433934
3384001
10730197
5281347
27522196
7161031
1802763
21583470
33225906
32846357
27262546
2026369
2789814
16130323
30164177
9098048
27360111
18053635
25530230
18053635
8186695
7161031
18053635
32480292
10748444
31909069
25530230
11010411
7135073
1841415
30866690
14186179
26946456
15956104
20805501
18053635
31234972
10748444
20805501
18053635
56115
16438788
15633818
5450617
11345486
18053635
18053635
33377755
32483880
3064256
16704200
18053635
21175712
15993092
1122066
29678666
2600449
12204025
23853705
13291075
7161031
18053635
9098048
10748444
18053635
821215
7564574
29554370
20805501
18053635
32480292
29051870
10806244
9212753
9584916
3198454
24293250
10748444
20805501
12189724
1204099
13789938
9098048
14927762
6998599
18053635
7161031
2298547
17993627
23853705
4571786
27071416
2975714
16445010
18053635
32596536
13122862
22652626
9098048
19394350
10748444
9098048
11764444
9229003
4377239
20622288
6542122
31888452
25233667
2589004
20894576
2725278
86654
18053635
19849344
23853705
23623657
26800844
30525329
19688650
12977841
6542122
21175712
28303153
18053635
26319517
10121645
18254833
27189654
7161031
7161031
21577682
31752580
1421954
25399234
29601503
23612984
23059007
14714819
21450458
5480062
23853705
6671264
10730197
5958536
9098048
3582919
21175712
3137097
26946456
26399727
15836196
4300829
5057811
839969
11284712
4202802
10707166
21217654
29209296
13042700
16130323
12189724
18053635
17473461
7801018
31356714
6969531
3969154
2315942
5711631
18824295
25406564
32483880
10748444
12189724
18053635
18053635
286793
4599294
11331523
3345065
9293396
14391201
32483880
21175712
23853705
10748444
26623503
23853705
10730197
20233024
16027222
18053635
10730197
18053635
21175712
10730197
10369468
9098048
25530230
23853705
7161031
10962512
22542683
9098048
33170357
10748444
18824295
17754845
15662820
18053635
20732158
32848475
12308533
12894732
15862678
9098048
18053635
3892731
22920150
9098048
12189724
17070355
21609763
18415854
6416008
31932745
29666803
18053635
9358301
9098048
26307563
6542122
15712895
24438281
6559943
29989880
1572460
6942705
21548951
21325300
23612984
29510971
18053635
26227106
16856701
20622288
2423357
30839863
11783191
8293592
24974206
1435100
10135112
9098048
30422287
2588530
11363359
27262546
4105650
4205567
29073322
6542122
20579717
25668738
18053635
26193860
19699504
32483880
21216568
1437694
4378871
18053635
18053635
20805501
17332304
10939583
12580949
14282363
3462476
18053635
9511076
15705315
9123646
33252152
5470413
27119212
26382913
22384795
7074002
23559699
27538074
18053635
30814152
21069857
26391412
6757333
16239213
23698223
16983361
21175712
23392010
33384494
12145235
20261065
26293568
8023974
26382913
11527586
11660229
31956805
20805501
1436103
31875558
23186683
20176849
33225906
7782127
18760616
7429665
6559943
17371262
13291075
11959955
13174341
10748444
9098048
26415334
8213048
7342499
29388787
25147915
1376325
7161031
18574253
23853705
31143464
16489680
1717114
32009967
11872281
27197550
9098048
19906959
9943923
2829343
805110
17074079
26970434
11557674
28374705
29989087
18053635
30099329
20805501
18053635
7221538
16195504
9098048
20805501
16065745
23392010
25538189
27242509
28575264
11036843
24696319
18053635
12189724
12189724
7837846
23184768
21175712
30888277
29353750
21002406
25530230
18053635
20802262
18053635
30641532
18053635
23564716
11901214
9865474
18053635
26588568
9098048
11570054
6922311
4029855
23152060
9098048
8864652
26382913
3041835
26382913
23853705
21325300
12709748
11086052
9098048
6671264
32177272
9098048
9098048
9098048
2423357
12106633
19848778
4435806
26946456
10748444
16692613
27927811
18053635
8092341
4818594
18053635
11524237
19559452
33420294
2908081
24139457
23853705
16130323
20729576
29396054
9098048
3876636
18053635
9098048
23392010
13314549
18053635
7161031
18053635
20700925
19927519
9265276
20215548
8413374
31006040
10369468
9098048
22117279
18053635
18053635
11536048
18053635
17792396
18053635
16714112
31663763
9865474
7161031
1563730
10748444
26382913
23392010
26623503
6136952
9778419
18250910
18053635
18053635
996181
10730197
11064015
6542122
31956805
16445010
12189724
23853705
25139841
27845010
10730197
21175712
17586258
3925819
24898458
32483880
10730197
20805501
9292494
4639266
15623187
14582741
2423357
10748444
11425824
18053635
18053635
19456327
24258431
10730197
13022698
1295457
1638431
17248922
20805501
10748444
20805501
15179040
14114983
7713550
23392010
27029826
27200799
29924266
11536048
16443052
27266113
21738491
21035341
31928786
17603225
245213
18442289
1262895
15206360
12326753
17599500
18824295
26213103
20805501
18053635
5423761
32222824
12012927
20805501
27567985
1414297
18296095
14839999
18053635
32222824
10748444
24438281
23084194
8881049
1931125
16130323
574538
33002425
15248310
18053635
18053635
18053635
24649794
12189724
18053635
9606545
15003048
18053635
26072241
16293331
30217053
31209279
25581637
11257140
860963
13881533
18053635
31374731
18053635
18053635
1436103
18053635
26227106
8410925
4474813
3925819
17643068
6542122
10089505
18053635
10748444
14387856
7182229
29164649
21175712
13563391
20176849
9323344
7161031
9098048
9098048
18053635
18053635
18053635
6542122
9098048
12588162
25944244
19199404
13415674
27262546
14723666
24165431
17761925
5786981
18053635
32222824
30977676
19769848
10748444
12653327
27669948
23694738
29849626
1402830
1386767
21838421
9938310
20805501
9179916
13773732
12189724
9098048
9098048
23601377
4211884
29506895
18581898
18053635
28276175
9098048
26382913
23853705
22524334
9387950
33231545
6795543
2560219
6011535
6542122
8170317
19351757
22438536
18989907
20834270
20805501
18053635
18141222
31138651
32456777
28015387
32483880
5139681
16162887
21175712
26623503
26227106
23372060
3198454
21284604
6449623
1389466
2170668
21134610
20103097
3602545
16301812
26227106
9098048
211354
10192173
27385460
14946655
5958536
18053635
20497162
16851734
16027927
830975
2423357
10730197
30144649
9098048
33244471
9098048
7221538
4677888
21284604
18053635
28524818
25970886
23853705
16391886
18053635
21175712
26100955
20805501
6274361
23392010
21175712
27337220
23088975
18348663
9559175
25828159
18348663
3969154
5560498
10748444
6147425
6182503
33445547
18053635
20176849
16083196
7624051
25903217
29375922
9452300
10748444
22358260
11036843
26779184
9567593
12409789
25850534
11527586
3318872
1643257
9737442
16458241
12189724
3381159
12455704
10748444
18053635
795950
27504729
18053635
18053635
8969571
4142766
11143817
11425824
13291075
10748444
1710834
18053635
15519848
25484502
23152060
26227106
11656791
23336687
4029855
21175712
11064015
16854011
18053635
18053635
27015567
11764444
9098048
21938926
18053635
22307891
21256550
31369880
2191362
8301861
641094
3910007
28176385
32806796
6559943
26227106
4331944
8774280
3969154
33196761
3910007
18053635
27262546
9320937
10748444
13291075
18736774
18053635
11423953
18053635
26540695
21359176
8830710
19137783
11955866
18053635
15263491
7161031
2243728
3436489
9278882
19022296
18348663
13620545
20805501
7717109
15022535
30904617
20805501
10732702
5018538
26227106
23392010
9109298
21824961
11764444
18053635
18053635
10748444
10748444
20637635
13076092
18824295
9242256
13780054
11917900
11326387
17623314
9098048
20894785
18053635
14084826
23853705
10730197
26413962
16704200
5946628
6671264
21175712
10748444
26240697
23853705
10832201
30911293
4428860
11527586
4626200
30071596
32206577
28272061
16488340
23392010
5197049
28618491
18170416
30599333
21175712
18824295
18053635
26167081
27287955
13790501
1330451
20176849
32463734
4305065
21771417
14315855
16358822
6542122
5441291
12822420
31589708
8524857
18053635
3445370
26227106
23392010
5664320
18053635
19924955
10730197
22010591
10913576
8830710
29308563
11201860
21175712
23853705
9098048
26227106
19843732
6757333
8392807
21730179
21284604
14074914
4289248
6093524
29924266
29928111
32943549
9098048
18053635
10748444
15241823
4005490
27041804
31288815
28596552
21175712
2212289
18824295
11804033
10393969
9098048
2624690
22447764
25272253
27547605
23786053
18053635
18053635
11064015
23853705
20805501
9098048
26227106
18695002
6234091
28558303
11538822
29648005
26167081
84233
25828159
7989011
9154073
5905542
18011729
20173840
32777117
31910841
20805501
8608823
11712695
9378799
32263831
10730197
15519848
26382913
20489364
18824295
14246988
18015247
18053635
747584
19358150
9083953
10069153
32913104
11525408
25421687
6695740
20805501
18053635
18053635
18053635
18053635
9808838
18053635
10748444
26243986
33169933
11729104
6851380
9796555
1628237
23853705
9489232
29120747
5684060
18053635
10097721
18053635
2092682
20805501
12967574
18053635
8136985
26227106
8595588
17850749
14633720
7161031
13372607
17896857
31082588
9098048
1738433
13517098
18053635
32146736
26753362
4742215
29986552
13678990
20805501
27292791
18053635
20700925
8055506
367822
20805501
2374978
25818752
31519856
24445070
6183640
21144160
7373946
18824295
27574677
5063433
15718021
20561424
28637374
17782457
22687350
18053635
18053635
7474405
11943082
16253149
5059230
28447273
18053635
9098048
21144160
20861139
18053635
9098048
10962512
10357408
18053635
5751691
20805501
2334543
1790655
11425824
24078155
16601596
16714112
7161031
32655871
18053635
7161031
7100608
20164480
18053635
22578586
20622288
19873949
14660520
1567799
21284604
23184768
7221538
1107728
23853705
32550980
9098048
17499177
9387950
8321717
17213788
529008
18053635
31064274
18053635
18053635
12104917
31583178
18731762
29143575
18053635
32480292
30034810
27237797
7074002
31378065
8497315
27276287
9424125
31370731
12326753
28523266
10748444
10369468
15489190
9098048
23623049
11890938
7161031
7161031
7717109
15353349
31752580
28529617
33022147
21353144
21175712
32483880
24571503
10578875
18053635
14135389
19651703
32422134
11182670
18053635
23164009
5662975
28717254
22551349
4426540
12512248
4719344
12709748
26762725
2588530
14769618
22544880
9159470
18572810
32050715
22813498
25396724
1602027
31491317
29113857
24109487
10730197
18053635
23942280
7256206
15668828
1386767
22803054
7161031
16704200
20805501
6259891
4121114
594290
33137979
5275041
16676986
18053635
30001625
14021279
18644959
18951649
20176849
10748444
9098048
9098048
20805501
10017202
18053635
13628199
30633964
28244018
10748444
18053635
9098048
6241948
25530230
18053635
29951030
56115
10748444
8781642
32222824
19651703
8037111
16749437
9098048
18053635
21589994
26227106
25751394
9098048
3910007
4724318
9487073
7547681
21159138
18053635
14661272
16035174
4825217
22045758
13940390
18053635
23853705
11527586
13881507
24520349
23378994
6536687
31445977
15866178
30363053
6376774
28274519
25094099
18053635
21132849
23623049
18552565
18053635
13934145
26227106
18053635
18053635
12502370
32607323
10748444
2543155
2494169
14315196
18959798
25029757
28337490
13706132
3844943
18053635
18053635
18053635
16346645
24983305
17685085
8407271
18824295
19651703
20176849
28596552
15675309
6747039
31638881
22490367
21667312
5956004
28309527
9098048
13457039
32222824
27993348
2334433
18053635
20071726
18053635
4473362
17093541
8286877
11031435
23853705
9098048
32165337
20805501
12958985
7161031
18363651
17883071
26382913
31288815
11036843
14660520
28319656
1747617
20805501
18053635
32599456
27262546
15230272
16523684
24438281
9098048
6599315
23176711
9098048
1599057
6460873
14498539
18807397
14799866
28749632
17294357
2530507
28293050
22781566
29193511
9098048
6034880
18053635
4257522
582829
26167081
9223083
23392010
2579381
18053635
6195791
17164946
14399835
14798118
21620204
9098048
7675221
1163615
19543335
18053635
20805501
21175712
19651703
32391602
30748585
32480292
18053635
7435679
9098048
2435862
18053635
20019972
12057407
16960625
1031345
9885526
9098048
18348663
3019446
31733999
32183783
6646975
8336656
30030511
14035892
24630661
11301193
25123113
31514056
2610979
29818196
23392010
12986561
24579870
6858611
19652800
18053635
27396791
4105650
25440692
14412137
24942722
18053635
21395211
3272188
10748444
18947956
4289248
6013262
5093096
286793
21175712
20805501
13940390
18543215
14702491
9098048
26677421
13722871
18053635
7516370
3942821
24433959
22198221
9186501
20775401
3910007
18053635
9649516
3353264
16398863
28749632
21316323
16704200
30186981
19615061
18053635
21175712
20805501
8425575
8280880
7061984
26397236
2630890
13023470
18053635
13291075
10748444
8903109
31014446
9305710
9098048
32194100
24551456
32480292
25158707
18824295
18053635
14498040
18053635
18141222
6559943
20176849
7438673
15785954
29674408
25004405
19578615
26790785
20805501
15761357
23853705
18053635
27261235
19985318
25112341
18053635
18053635
54402
19491163
13197344
23853705
8677332
15547399
18053635
26227106
15911838
7338329
8213048
9098048
9786407
23427339
5169927
7221538
18824295
6295021
22969832
18053635
21586859
18053635
12903206
10062927
3831333
16130323
23392010
30658815
23853705
12189724
28981953
26376225
1500098
25055317
13953390
14885626
25104447
26382913
9207517
10738805
18053635
969221
28529617
18053635
26227106
13789938
29795052
23853705
16596896
1860530
32183783
18842796
20662346
20805501
16985965
23853705
10612865
6559943
8893003
18053635
10748444
10748444
13132428
26227106
18053635
10748444
21667312
17499551
18749164
19420153
29117223
22205064
18377053
18053635
18053635
1416870
18243289
16174830
10005635
4992750
11997198
23957548
21175712
5722823
29216573
18053635
21990227
20805501
6262139
14900574
22181232
664904
18053635
18053635
10748444
18053635
23612984
18053635
4807631
10369468
19615828
7161031
16853677
17909128
9098048
12189724
32222824
11365481
11365481
21325300
21789237
21644168
26382913
7474405
22269486
27262546
18053635
9765948
1154839
5958536
22007087
10748444
19672780
23861675
1638431
18053635
10104970
4764245
17280545
4947999
18053635
10730197
15672002
11764444
18824295
20622288
24092511
20805501
2229045
16704200
18053635
26305240
27486412
30911461
9098048
18053635
17251778
3807843
28913070
21325300
9993172
6251923
32422134
7713772
18053635
19241486
20835653
9098048
5543379
18053635
2744503
31209884
17614104
9098048
15133614
32268579
18053635
18053635
20422459
4776522
13678990
7401616
10017105
1081979
23986553
21898803
24371025
14005129
18053635
28678111
3026359
4928093
18053635
12460465
18159006
23861211
7161031
27121836
15031077
10748444
21284604
10748444
18053635
4776279
26382913
20300486
3910007
6076418
17802112
18053635
18053635
18716291
23632635
23853705
26227106
26227106
24554518
33196761
18053635
23641932
11012755
18053635
18257453
15787194
20751064
2430630
25531064
19194294
31956805
3041835
10734511
23942487
10738805
31565159
18053635
31459313
18723983
13464893
1189134
10854359
18053635
10730197
23326111
20805501
21373929
22031074
26915088
286793
2973881
1641224
18824295
15257399
18053635
13453275
17851347
26962399
1812259
7221538
6460472
24597915
2579381
10891124
30480988
9623276
11410494
20359940
16667291
3313077
20805501
14533741
25422979
4931975
30678874
20209260
24268398
27766028
18824295
6542122
9098048
32187941
458825
18742700
16310209
20805501
11654048
45111
23853705
31907645
21265648
9244863
16693528
12134383
302369
18053635
2268807
11041999
26411887
9098048
23087022
16130323
6923107
15076645
18560506
13291075
9098048
4494391
13291075
14067511
26167081
17984099
7161031
5366722
24482226
18053635
1962205
11309433
13072406
26715865
21175712
10748444
21284604
9098048
18053635
10633039
9098048
10748444
32172509
2423357
1943164
1610114
23853705
13372572
32422134
4576587
26872286
18053635
18053635
18053635
12709748
25969392
18053635
23853705
27022201
18053635
25530230
27262546
18050589
7946249
2973881
11037325
23823924
23853705
16445010
5197630
2041620
9098048
21169961
23392010
14405013
28698439
6757333
18053635
2485412
10748444
14591380
18053635
17474538
12090371
1226958
13725489
10748444
13292753
12894732
302369
10147229
29956578
6542122
13922960
788931
18053635
31038023
6033614
23154614
21175712
17208370
24419782
23853705
18053635
27234135
24251033
23470675
10730197
22341323
10748444
3942036
2423357
32880557
30476297
18053635
8587066
23073400
20768720
20932778
14336415
19845198
4079837
18053635
7474405
18053635
26350186
10469677
9098048
18053635
8805749
26850556
13976331
17977159
17724183
18654098
20176849
15294153
25483979
17606920
24618664
29598657
4474813
13675987
12090371
18053635
20622288
20920573
7476954
9033436
18053635
18053635
13291075
18053635
9098048
26794010
18053635
5759367
18053635
6704618
26193860
3183212
32422134
7161031
6671264
9098048
18111413
26072241
9098048
10310454
18053635
21175712
16100645
8537880
27262546
2479706
23985916
17500285
15429693
29825161
32483880
9098048
18053635
13499222
18824295
9098048
18053635
26934342
1556236
20805501
19845172
11774673
6671264
18053635
23151286
13098911
24665247
30407004
5407933
24656185
25529171
6671264
10748444
23853705
12768402
1386767
30287732
9098048
18053635
23184768
9098048
10369468
5997865
7161031
18053635
3198454
2423357
23152060
15257957
12873131
10748444
15733673
4767705
25723380
23533059
6603633
18053635
26663303
18053635
21738491
21082403
20805501
3910007
9098048
3910007
27262546
26425894
10748444
27103460
19651703
7401616
9098048
26227106
21335561
20062657
21620383
23658389
31453780
28447273
28698439
9483253
2494749
20805501
16130323
15073055
6514290
18053635
29414906
21175712
27546753
6461208
9098048
24571503
10154693
25440692
32705616
16666497
213371
3303323
2481088
18053635
23853705
18053635
9098048
14291850
18815272
15282437
15658431
16919181
16346468
10312481
12821141
18053635
23921921
28304220
20549724
25316629
9543603
3179700
20443231
18053635
18053635
10748444
17983235
17758481
9098048
21534248
17251727
18053635
24693143
21175712
31922644
18053635
14313554
11764444
18695002
22055016
26227106
18824295
18053635
11764444
30700907
18053635
4917202
2588530
13678990
27610400
24123374
18053635
14502132
2044537
30104045
3817271
18824295
26227106
20622288
17448616
7161031
2164267
8587066
18053635
11811640
10748444
10748444
18053635
32222824
16726036
25205389
32183783
15642827
26151974
21925949
11536340
28672794
16019018
13790501
18053635
18053635
19515060
22453141
16704200
9098048
7051744
3969154
16130323
25196547
13080779
19131712
21002406
11636938
24157405
28698439
21175712
20858117
20668336
23510166
10935572
5998638
18053635
23853705
874756
5152174
9098048
18053635
18053635
9926168
13331334
32726218
32422134
7376957
18053635
9098048
13966342
29375200
22037220
793207
25632872
12809947
5958536
23392010
1221299
31972156
17157483
13326383
3925819
18053635
5336651
26623503
8585813
12502197
2430630
1525433
10062927
12189724
14997202
2973881
1040440
6692250
32480292
1578774
1602027
12243423
23853705
30248297
20644358
30283575
6362163
11764444
19481383
14480438
24571503
10410893
9098048
25664492
16985965
23853705
5937950
23392010
7161031
30472178
5692001
25793065
26193860
24941704
18824295
29924266
28017062
2444867
18824295
18053635
25367860
29178723
5257630
17761925
19818846
7221538
14376372
22203848
18053635
27262546
6294004
25798551
18053635
8038096
18053635
18053635
10748444
13163555
18242549
3458261
18824295
18633218
29260516
21869075
33209767
28816758
4709302
5145463
9098048
19856187
18212803
23853705
21175712
17436122
9098048
32843476
25133601
22700576
13786526
30068833
19138373
17280545
32483880
23392010
33351629
6449623
27544791
13247387
9098048
18053635
22747220
10748444
3041835
9466964
31796319
18824295
30964866
3005748
18053635
25082966
14498609
10730197
3910007
9098048
2941330
27656188
2811248
10891124
20805501
9098048
32480292
9865474
18053635
18053635
21679551
12391206
6244256
8537189
30208370
18701064
18053635
2423357
10369468
27593224
19184251
13966342
4233644
29436805
20828914
31606064
18053635
21284604
9098048
16527409
21836267
6502298
15712895
23853705
4238630
23006824
18053635
22030047
3910007
5240116
9098048
18348663
26227106
20529188
56115
136794
26602655
23231201
27926290
302369
10068738
27206046
12998348
26213103
9679514
20541447
27394990
9229091
23469699
15442653
26160232
5280628
2588530
18053635
20805501
9098048
18053635
19398820
18053635
1456738
9220884
18303682
10536947
16130323
19015904
1154839
387286
17494470
16458316
2816217
21862282
18723983
25150997
2430630
32422134
20502868
18053635
4389418
8646691
5142115
31752580
20176849
18053635
6019134
13291075
15582560
16445010
7642588
18053635
28282006
20298011
16687701
33415289
32483880
7823701
31801909
13072406
33444808
31473888
21175712
19952022
22112291
26072241
9789676
17116645
8315710
146627
21969390
28590546
20805501
18053635
20805501
23853705
3699510
23392010
17255625
286793
18053635
2320915
9487073
11126481
928478
18956205
7008606
18053635
2704549
13291075
20805501
28428534
22596019
18053635
21241241
9098048
18053635
29363192
12114874
10017202
18053635
2624690
25440692
13603707
25339460
31839921
2362496
29234389
26410812
592424
15675309
9707294
16130323
18053635
56115
6559943
504244
16186051
9098048
32248347
28741930
26727649
26218347
13183521
18053635
18053635
2229045
17280545
18053635
4843861
16130323
21346849
2229045
9098048
32222824
18053635
28234883
14366389
8218794
17168778
302369
2271068
10748444
7879665
10664849
18053635
12189724
27447866
13496669
18053635
27136765
9098048
25530230
23031296
3735052
9098048
18986875
21144160
29288939
26383180
2973881
2973881
1197660
25244601
10748444
28836480
18053635
2834824
13499940
10748444
2403260
18824295
20805501
20805501
24948863
4053466
11759798
33357339
18053635
23853705
11777890
31669023
9098048
20176849
19178760
18023473
11425824
6160647
23745733
18053635
18053635
18053635
20805501
21474840
4683404
2983577
1699934
26227106
17350444
7665256
26007558
9098048
7220770
2973881
9098048
8705929
9098048
26615066
24670898
25449033
12189724
10730197
32578418
18053635
28741237
20805501
2430630
16878788
10369468
18053635
28378677
29975759
6888977
16506829
9098048
21175712
5013007
33169933
29113857
20805501
12920390
33065295
18053635
15884612
2532912
18053635
12814454
21175712
21325300
25930032
15159985
7028283
10748444
2232951
30840847
4395489
21175712
21431772
9098048
16130323
18053635
18053635
11406558
12563735
17709709
22179764
10748444
7463718
16740149
28212783
12391206
13291075
5794348
10730197
18053635
31248165
2430630
29234389
27396791
10748444
7161031
27962291
9098048
10748444
21284604
32228990
27577089
4430939
12698268
7220770
10730197
18037534
23392010
6013262
12621069
9959089
3117310
26227106
10748444
2134216
26382913
15960896
20805501
30759282
9098048
18053635
15901292
19837396
24252624
24034979
9098048
12016424
429407
9098048
9967199
4314905
18053635
18348663
26926910
30822103
6671264
11207860
9098048
27974187
10164316
18053635
18472588
2834824
22402900
9098048
9481045
18053635
12391206
2229045
18053635
6633540
4719344
294004
18053635
11536048
15519848
12143057
10748444
22885263
18053635
3953707
18053635
18053635
18053635
18954360
21175712
9175962
13042700
13695272
13898073
9041609
9411054
29438114
19039955
8830710
25542745
10730197
7161031
18053635
21536579
29017444
18348663
13678990
18053635
17801069
32222824
21584500
16709
14966496
9098048
8468878
10748444
23595782
23793488
9028332
10730197
15592538
18053635
18053635
14823182
18053635
12189724
32222824
680016
18053635
32470388
30429958
18053635
18824295
18053635
26519460
494142
9098048
15016043
2588530
25194411
21221962
33219354
26227106
9292986
7055096
3667603
26276820
5470150
18053635
9098048
18053635
20805501
18053635
26227106
6671264
13735727
3199044
21325300
14912985
23392010
2423357
15425416
26411887
18053635
21284604
10748444
16035715
18053635
10066978
23392010
9098048
5079690
18053635
2850542
7999998
15046499
12326753
28390458
27262546
15379027
10748444
8666042
18053635
18053635
26382913
67360
12002664
7757021
2430630
21175712
16445010
13382614
33384833
30436555
18053635
21175712
18824295
24270055
20848777
12050818
680868
4433
18053635
20805501
24438281
21284604
26213103
16278304
27757050
28143741
10748444
7902046
9098048
8699907
18053635
3837205
19432152
18053635
9098048
18797444
1799724
22041647
18053635
19066990
10748444
8617707
19600189
10748444
9098048
223742
9098048
30579635
11587651
18783980
23553180
7564197
32222824
3538007
173777
18824295
24210857
18053635
18053635
33319601
26319517
20246051
24898619
18053635
26411887
33137058
13778397
19627915
10748444
4492470
5390116
26227106
9098048
19413447
19117503
9098048
22114795
20805501
9689080
21139328
17784664
9098048
27077811
16445010
18053635
9098048
7161031
18053635
9098048
9261236
31956805
32862206
5091594
25848987
2481088
24647192
6182503
18053635
31956805
20622288
6523234
9098048
9368711
27414459
6661336
20150807
2847703
13291075
24387605
2169502
26028153
6559943
10748444
9098048
26382913
3910007
18053635
10985171
619595
14053163
18053635
19218005
9487073
23853705
12047284
12326753
21410114
13042700
18574253
7992980
25248392
5792400
14479736
20805501
18053635
7208718
10443155
17494470
21175712
33124016
27880800
28648043
5204050
9536717
13514914
14953979
18053635
3910007
17615913
1051620
14933723
9098048
8136487
10748444
11017541
7077475
8445560
22944859
29355722
21284627
7438673
6341322
9098048
28390458
15137238
9098048
9893687
7628400
2628033
20176849
17984066
7989494
2579381
14547520
31969675
24545263
18053635
18824295
20805501
20947997
14385354
20184654
11126481
21175712
18824295
18053635
7161031
18784361
18053635
21705529
16361675
26678959
10547329
11036843
11312792
14983902
6182503
30651175
26193860
29113857
14732845
18053635
17971773
21128382
18053635
7274474
9098048
29226507
25530230
24945821
18824295
9098048
30250771
18141222
26805566
25035843
21175712
18053635
18053635
25857125
17408697
11564017
7412375
32228236
4132292
8899892
9098048
17174186
10748444
15334478
6542122
22354034
28602302
19580016
3353264
26382913
19306884
33285750
10748444
1154839
16445010
5717917
8889863
11537259
29902047
13042700
8318150
9298131
143071
23359372
16583804
9098048
27559919
14408615
10672393
29293069
12577898
11425824
1928370
10748444
18053635
16130323
18053635
11342748
10891124
19863671
9098048
15035120
21317747
17493099
9098048
18053635
26227106
18011729
28998317
27530301
5664320
29125207
18053635
18053635
23392010
6542122
9098048
5486196
20805501
21375536
28767338
21391488
29486105
24549508
6922311
27915299
6341322
9098048
2423357
9259108
2016629
20805501
23392010
25039688
10748444
12480926
969221
9098048
21403160
20246051
9098048
688756
9098048
4112119
18824295
18958076
18086698
3288565
29768681
5652523
5919037
6278274
3329803
18053635
16715648
20184996
312397
22860246
12386873
9098048
30302237
33287441
32483880
25056763
1999326
18593554
23427339
14751791
24412740
27200799
31372181
18053635
32375254
29765899
9098048
26692124
14307120
18053635
13832822
11527586
16802028
21175712
18053635
15485549
21007275
10891124
27345789
8936042
22819171
24418182
33231475
22867792
19292459
10730197
23861889
4184644
30332270
13291075
9908561
18053635
26227106
16255204
2562591
19933029
18053635
26382913
16512334
28843859
20176849
18053635
19827811
28216158
23853705
21308675
21175712
9098048
5605677
18053635
26072241
24540125
21175712
28371528
15996326
31858670
29365356
30170169
14922834
9799729
10748444
30754588
18120444
17274470
26227106
12687580
20176849
31839921
18053635
31984603
7827255
10748444
11738088
143071
8187844
9800745
23554794
18053635
20805501
18574253
723251
8027872
18053635
18427288
867228
30226932
23853705
9536190
2207641
26227106
17643132
6542122
23392010
31273178
22265439
5312472
2151131
23114616
33096457
31859652
11512470
16445010
8826553
12189724
3910007
9293396
26854785
1433293
28838081
31494229
32426554
25616103
20805501
412997
12137829
18053635
3910007
7161031
24812686
26151974
1091988
7076176
33427750
11857249
20805501
6269009
21284604
14997202
14999406
3822554
6265923
18053635
30453330
11473335
28767338
10788088
23347742
22149451
22426479
7902864
18824295
1520948
30516612
17494470
10914807
19213906
18053635
23725480
4289248
22645109
20285467
6633891
16130323
1448075
7731625
11248798
19437546
16130323
2589004
26783975
6559943
28872958
21056012
26611384
2588530
27261891
18053635
25851592
29191233
19237787
10748444
18053635
9223083
10730197
121646
3925819
20502846
8100524
18053635
965426
23853705
9098048
12189724
3779093
8654928
20208891
13513300
18155884
4925752
18141222
10891124
26036234
3969154
18053635
18053635
21175712
7135397
18053635
2229045
11452793
10738805
26248990
6559943
7780491
22186994
31558216
21952394
17494470
2423357
12886440
2717412
18053635
3979946
19769848
14411804
15302107
18141222
2707962
18053635
2896778
18053635
10104216
26142238
11425824
30309970
23859655
17494470
15074165
9833997
14466930
12333418
32480292
32387076
20434741
9098048
30098962
9293396
10748444
3137097
18053635
23448893
13734931
18053635
6374203
31370731
9414105
28034890
14365821
13100511
20622288
30649032
4638050
1858960
18824295
20466938
3910007
4524515
14138002
19572658
3802769
9098048
21013746
26227106
18053635
16749068
25687180
18348663
3984572
969221
21175712
8656192
25528038
1794805
10891124
12143057
9098048
9098048
18348663
20622288
1154839
20756445
17469776
884598
31378065
16713528
18053635
7742810
10748444
18053635
24547441
18053635
25530230
23853705
18053635
3910007
23397728
14282363
13251328
9098048
33158078
32989724
10748444
17826741
25999034
32222824
20065642
21432772
17212412
30946271
26131662
5958536
13029563
6538718
23851692
15833364
11746071
21175712
21720205
13678990
13291075
28652072
28529617
9098048
22766112
16445010
23853705
13289012
3910007
28796007
12887237
9098048
2985444
7385507
18053635
5312472
10748444
18053635
18053635
20805501
32183783
18015247
20805501
21224676
12391206
25701161
6265923
20805501
29924266
2631730
10748444
8088870
30898005
20805501
29250041
9098048
18053635
7041792
18053635
15924944
18053635
14139791
20805501
18053635
14974014
7221538
1818326
15012996
11465608
2579381
5372492
10748444
18824295
20589352
26382913
20182250
21284604
22021352
25550634
18053635
15939469
27126449
24855582
20805501
25415358
21727820
20323277
32264410
21284604
16458241
18601734
20805501
31106596
9098048
26118244
22850500
10748444
27248103
20805501
30414518
21789103
27610400
23083117
28805450
19843732
25530230
23392010
22660248
31192324
23207579
16985965
10369468
18053635
20323277
1414297
29757049
10748444
1274915
25367585
18053635
10730197
17394415
30683174
19931617
28468372
18053635
8513623
18053635
7221538
18053635
6449623
32939950
23853705
17620655
18053635
27680114
20173668
4020215
6542122
10748444
24597915
7747419
18406090
25389241
18053635
2481088
24259416
24447825
11328789
19988881
26050321
6981712
21851839
32493644
21323331
8980142
26382913
32419117
10525778
11536048
17191946
33009161
7161031
9098048
13008258
28029980
4584719
4776279
32836415
18053635
18053635
16878788
6941196
31532969
23392010
24130056
18053635
9098048
17590927
26435005
23426418
31956805
18053635
4569057
24251033
20403429
9083953
14198327
19862041
5087044
5094548
21284604
13291075
18053635
21175712
26577767
23324722
10422179
22342730
20805501
4524551
22091557
7221538
18824295
18053635
970715
5410955
12363294
9098048
18053635
20805501
10748444
9098048
20332457
10730197
18053635
7161031
32222824
15029162
18053635
28686048
18824295
18166446
19689477
12488124
14021419
12030178
9613893
3878712
28592828
18053635
32608153
21010551
10748444
9098048
32483880
27262546
18053635
30866690
32293327
26213103
20256658
11510
28781749
27262546
26238533
21357993
1974874
1670328
20523659
20805501
9098048
6064517
12679113
12405341
2973881
2588530
26382913
13509364
12764258
24180467
13678990
10730197
18562960
10059890
18053635
18884727
21002406
9098048
9977492
11648465
9098048
3678203
23853705
14388839
9098048
21325300
18288610
13343308
4289248
9098048
32183783
26421690
18053635
31744850
9098048
23177641
9098048
21559852
13201719
18053635
10748444
29144646
2460986
32222824
18053635
15230550
18053635
16240120
20071726
14987192
31942581
16588582
6287204
6265923
20704566
9293396
4088706
20805501
23853705
2187090
25793065
15933088
7161031
4022126
10492066
31860469
18053635
13291075
26142972
1637877
6371277
18053635
15467039
2589004
12850919
839321
23984906
7011577
21600930
8251982
18053635
18936394
20805501
13859662
17932923
18053635
9617930
9098048
32422134
19100969
23853705
20801514
1773411
18053635
7161031
23634817
14408615
1386767
33013663
12770458
18053635
10590571
18053635
10748444
12538617
12391206
5093096
18053635
13891419
32492208
20805501
31324494
24571503
9098048
12391206
12106633
11425824
488142
20176849
8233299
18824295
27967348
9098048
2246333
4516972
9098048
18053635
12189724
20805501
1359269
20805501
2761607
4374213
7161031
25019212
21997175
17213788
16398887
18600005
17674252
25024478
2850542
7696393
10748444
24221213
13683207
32570272
8247465
21177415
24948863
10748444
15613747
17460996
28242491
1128106
13291075
10748444
33547992
17863775
286793
8853122
31217871
10748444
26268680
14360537
10748444
21175712
13343308
15050694
11530312
6943094
13681908
8308860
20805501
14409894
10347488
26167081
9098048
15941716
11508544
18053635
11527586
9098048
7261940
29273752
13359445
18824295
20318107
9098048
286793
18470485
23623049
23853705
17230517
7221538
29144744
19194715
12046227
19767040
29637741
33515499
26382913
18053635
16704200
7782995
8338491
9918651
23673378
9098048
31453780
26142238
5821414
4867451
18053635
10748444
20116350
373138
56115
24029263
27262546
29987045
14917182
21088751
25530230
25530230
21284627
24010733
27658163
2372469
6542122
23906961
7321273
21366683
4463604
2423357
1635037
18053635
18053635
4312043
20267860
26227106
277385
1065655
14957560
4533241
10730197
21175712
28809248
21995890
21144160
18053635
7232294
5579797
9098048
18053635
18053635
13042700
21246070
18053635
26213103
27401112
18053635
30873565
5014243
20805501
8202099
18824295
15618856
25525433
18053635
32460281
21020033
13980899
12680634
18053635
4511527
31217871
21175712
18053635
20700774
21822939
18053635
13291075
21613022
30252597
18978115
28788591
7887429
19162637
21175712
10173640
18053635
24438281
10748444
17254137
6514290
16596896
7845530
405299
20517478
2174683
24164087
5735087
17490789
18053635
18053635
31883794
29205911
18053635
12189724
17299391
23392010
4890873
10748444
9098048
12658642
18053635
5486196
2588530
7376957
18053635
6722257
23612984
6507686
1102837
17494470
6449623
3925819
25756177
157749
2588530
31706435
14774587
12676215
19013763
3809229
4819575
27047323
18053635
23867307
3987905
18053635
18053635
16445010
19678484
1242715
10748444
286793
32480292
22343514
11789355
8816654
10775590
9098048
18053635
9098048
18053635
9098048
15906698
20805501
25651383
10748444
23756614
12441318
10730197
18322760
9445392
18053635
25117416
25415868
28523334
19612147
18932386
16704200
4087885
10891124
4856594
19476350
18053635
28858848
28938858
25662933
14552439
10748444
9098048
11764444
11843331
29201429
6465436
450887
18053635
26167081
12973805
9098048
27112545
2304375
6354040
16897053
3925819
15176108
9098048
9098048
28212783
27777445
29924266
7745533
21175712
9098048
18053635
1271411
20463520
18053635
18053635
7827255
18734145
28968397
26227106
27876971
18053635
272894
31102692
2984782
3555890
5038153
18053635
25644180
18053635
5257630
19940624
6449623
27731479
20805501
22227180
26191053
18053635
27002245
4126509
9098048
23392010
9098048
9009113
6726091
11425824
9098048
30252597
13626099
15526038
16521734
18053635
30218045
9672701
18053635
10279962
15569935
28758610
18053635
20805501
6542122
9678966
8152451
9098048
20176849
16130323
56115
10748444
12755865
27019559
12621069
26319517
5898650
18053635
4477649
4036493
9098048
2447221
25471343
15468476
28850059
302369
20805501
18053635
29059376
24251600
7085090
18824295
1572887
10748444
16935403
2423357
1122066
16538126
33141819
27573596
18141222
13961744
26391412
18053635
13542087
19060570
7161031
9098048
22474557
28023926
17539235
8404435
18824295
3043504
20805501
23273602
15305166
18053635
21175712
28343484
18053635
18053635
5472506
16361793
21284604
3540130
4154745
31869548
21144160
5903195
18053635
801812
29816313
27262546
27295811
27523080
11598557
21584500
18053635
10748444
19816629
11168327
24913554
10748444
9098048
23950490
9098048
31088380
26119439
19543335
24608934
400442
1149004
33523699
19696828
28321048
9098048
20805501
12933106
1437694
18053635
23971644
13982859
7161031
6671264
3817160
10748444
286793
33325160
11041999
23902592
9098048
33111448
25756177
4659874
4940018
3910007
18053635
32222824
14653793
9098048
30068493
18053635
25417233
14489849
18053635
3165101
22808692
10662403
4099556
9098048
290532
23392010
14985952
10284359
16502751
1638431
23861675
16704200
21328064
18563321
18053635
21256550
6656928
25152272
3848832
9098048
1967835
4523021
33337456
19930451
18053635
25389241
3762302
16868269
18824295
21175712
6626724
9098048
28326782
21175712
12576291
6514546
18053635
18053635
10748444
10748444
14396796
10369468
29924266
18141222
26227106
9521329
33196761
16501192
3285394
15249885
28767338
24119897
17662148
27125578
10730197
168745
21284627
31217871
27262546
21175712
18053635
6542122
8838628
13306837
18053635
12006027
23392010
18053635
13291075
10730197
18053635
4740012
2001931
7221538
28418815
18824295
9098048
18053635
7444134
9946616
18053635
20805501
28034890
16445010
9561957
30898005
18053635
11692114
31843549
9754997
18053635
28579090
17316807
15874719
15665304
18053635
22694178
9098048
18053635
9098048
18053635
13912334
8188735
33298175
10748444
25098623
13291075
16130323
10563265
25530230
21334234
12452227
21256550
18053635
22983419
7251027
25530230
18053635
20805501
23873252
9098048
17533253
32831821
26167081
18053635
9852112
9098048
27390006
27292962
17244789
7161031
18053635
20200375
21099305
9098048
3589598
10850344
23853705
14882586
27004451
5021216
9098048
143071
11809648
6204342
10748444
16445010
26488754
22057314
33009161
14805632
12630142
23406080
6559943
10441214
10748444
2382797
20874938
2403260
27510174
19757177
26382913
9098048
25530230
928478
21628366
25530230
22404547
2204101
15139026
26782647
7879665
9098048
21175712
10748444
14928359
32222824
17117984
7161031
23722692
4064504
7161031
23612984
9098048
26152744
23392010
22813498
18824295
18053635
3932133
31806935
12901867
10730197
11730841
10073898
22516104
15393992
22614962
7161031
17205438
28983019
10748444
28850059
23853705
7161031
26789655
12189724
21626159
20445421
9098048
2229045
21693650
25316462
540334
19675625
31059216
18348663
11541071
21843142
23823533
21738491
10748444
18053635
10369468
20805501
1389466
23745733
17388756
30232354
26227106
15569673
18053635
11139500
18342823
18053635
26413779
10730197
29924266
6684756
26468971
3678203
14997202
9098048
9098048
11365481
18053635
7592025
688756
5985457
9098048
7245102
2250680
23853705
7457646
7688982
10748444
3910007
31348924
25530230
10193752
32483880
10748444
18053635
2931519
24678167
18053635
17339109
10748444
26227106
9098048
4689461
29531047
12391206
18197848
16897053
18265161
25724094
613633
18053635
16130323
10028361
18053635
18201268
18053635
18348663
10730197
24003467
11498905
29834959
9098048
32283787
18824295
7215872
29653054
18053635
18053635
28767338
16533421
143071
18689963
1330451
32123957
1386767
10748444
14552688
4262296
18053635
19530039
30421665
31084173
28969138
32288009
