25328
67597
33337
89878
27198
63729
73141
49141
72094
36576
63503
9399
72592
87925
8114
40742
41817
90624
54344
28226
8618
19919
76526
58249
32205
58390
61891
38880
95166
95002
92382
96607
37880
24954
62818
90341
44352
33339
29051
33564
27122
596
11548
72115
83622
36519
89211
74308
66420
86495
78142
16632
46094
35806
35927
54148
39021
62489
88526
43878
3211
21747
5081
94712
81080
57648
38519
33959
57427
49631
73322
89701
81040
90414
40769
54062
28849
64519
84022
30376
15154
89917
10195
59129
8265
65482
67380
75169
60585
51619
3996
24762
38626
28479
77845
90622
59157
61183
11482
96340
78179
19195
93856
27531
69916
47800
61786
740
87172
58237
14106
79513
85368
7485
523
2725
665
35648
79901
50726
96221
27997
25633
83853
39014
15677
34589
91480
27762
72246
69320
69954
3136
27798
34565
75347
72589
46675
52164
84900
50347
91239
56249
91000
34693
70296
91014
85243
12678
58436
82486
84548
59340
69424
1821
81415
16721
97804
91518
28980
6456
29692
52985
48506
55636
1295
33945
63064
86570
7082
76381
59857
43371
97861
74898
2333
85912
91518
95680
84477
87953
73588
11413
27258
58844
95630
19044
24397
47219
91771
93399
92948
25288
95452
35522
14851
61027
53435
91587
6068
51864
59463
88913
98635
40520
56873
15330
14764
87071
57307
60760
37475
45703
5424
903
41802
93988
32610
7921
43253
57439
1525
23120
33987
33761
84608
31690
36249
8838
55567
43848
53579
60312
54011
57054
28639
72210
40770
21986
73739
87140
84168
39740
73029
22498
56401
16498
15637
95944
69180
87132
30785
46731
44511
84808
47120
17764
47533
78366
53272
64197
7408
57840
34413
96446
49772
19992
85538
91949
1223
402
74206
87381
82557
64222
50569
77186
83954
86301
59885
29143
86942
46495
8784
84184
71132
18926
99815
75953
17826
43681
9143
76806
25616
39325
2826
11412
20785
30797
22326
15344
14881
45613
45363
29285
2421
39439
9214
77275
19639
49173
89152
38187
63670
17614
85076
49419
18032
32028
944
41063
75931
30769
29655
86193
38304
45750
51231
60417
10266
15043
17238
89000
96451
2127
61414
96801
82541
56746
8214
85137
69499
71819
43715
86336
82387
93484
56931
16262
85381
78862
3198
89112
20654
79980
85016
24235
39456
99851
16473
42132
95795
27371
3000
95456
69146
88544
67618
51372
43026
18524
79108
40790
4428
24989
75109
33589
28539
3662
49429
87153
63620
32150
71509
95539
3377
93406
12965
10261
31040
24233
32165
97161
59378
64389
72339
82345
53821
47589
37172
64918
99086
80948
13803
36762
13992
90844
32069
49612
57453
86075
58969
44429
91945
98075
7397
34844
21505
59214
535
55118
16109
25225
31448
41667
51038
29308
52707
39308
97828
56174
2979
13739
13343
30660
60852
21920
48225
2422
65725
30363
10499
66314
47907
66870
84202
60996
12068
93417
45331
38165
65125
98289
49636
16831
79546
63851
72348
47232
34798
34774
47506
43641
68758
22200
44109
16581
92384
46968
70234
27594
78812
71588
46227
24162
81367
52248
40659
64655
80192
51958
90136
36657
53267
17735
62354
55718
13880
98338
96814
13224
19012
77470
27194
65564
29779
62366
56947
92504
78066
93833
66653
88291
78182
67548
69030
66378
98503
42663
46839
26641
28516
52159
89793
80381
85806
34367
16113
76442
39854
21471
69592
75369
28895
27460
74947
24410
18285
42118
87723
9611
91995
18553
56032
94592
82464
9191
25844
87474
97454
62330
6425
1987
45584
78103
7683
86901
71139
49616
25953
9692
61569
60807
46144
80097
99584
56201
31741
86992
56979
6214
63828
68262
24539
81850
5626
34670
75945
80002
62486
77300
58009
96123
33188
62637
89631
47305
80197
22325
47628
76476
31077
52651
72254
33136
99304
3962
14765
1846
42999
58336
26982
37135
45157
68178
39527
74218
57939
30795
94170
75786
89428
75234
48179
32865
54920
83826
80742
21103
63216
35785
23712
29597
29553
24762
4018
40769
50090
86928
50934
81207
89447
94143
20959
32200
14516
60931
20038
59104
10355
98453
72470
36282
92670
35460
54935
50708
69349
42865
3968
83453
72054
61828
62589
54209
24749
10990
94847
99070
32837
33209
22236
17015
98936
60527
5995
22785
75972
96164
21102
96405
48604
38298
90421
28666
2450
59468
24766
42266
65074
53078
33961
86398
20862
56241
55210
17401
14687
73268
27260
31570
28087
72128
2799
48469
20970
70635
58012
77093
20397
63265
26101
64238
67286
68904
1239
16633
42891
8180
93380
8872
89985
72770
20613
74121
58309
38843
35856
61469
49029
12897
1305
84326
95457
31682
26202
71636
84604
82853
45119
1601
54155
45430
55386
88742
20628
14223
7944
21271
22327
85209
65450
20560
80853
95616
77118
20162
84447
66007
91259
29830
59785
832
69412
25100
29335
87004
90903
71155
74495
68575
98336
31447
12161
44889
49438
44135
19495
25370
84338
84889
41342
11341
40459
90647
25120
61956
84684
72314
73296
82756
95375
51764
71888
87070
90162
25078
68431
14407
44766
93933
18319
92738
50796
79862
24660
85996
23402
493
92951
19159
79163
63551
20512
40123
37658
63679
34050
12172
30663
53569
73463
63572
95052
99609
37890
74722
79070
7557
21916
10142
72093
51306
23291
3567
99143
75751
2281
64524
40346
52101
42295
18104
2685
51795
27649
45582
38492
32972
67359
87513
65228
54230
321
92025
46425
1846
11229
39783
56288
97984
97154
47790
9032
60249
29459
71911
1583
88159
61457
17613
72412
87092
39296
56116
16914
69768
59991
63770
9539
37304
1117
10741
3896
21901
43651
26477
93489
78116
24073
61505
33355
97404
51402
12217
20978
50730
37993
98894
3229
27473
42951
2958
66797
39383
54060
43090
50333
66347
63706
18520
40402
9721
53171
61469
25961
30245
91538
16229
97924
32330
47069
83917
82544
70788
3037
76052
89303
67787
93870
94269
78537
16803
28589
1560
20078
25300
4801
43726
82811
29482
87798
45865
45044
58052
51439
26627
51042
3379
37625
99209
33947
1285
30472
39664
42772
10200
61071
83849
10957
16583
99921
92093
36073
87729
85268
32241
29894
9864
46430
66260
18287
46087
53789
77063
35881
81414
18467
70677
20857
68166
49147
93475
82073
7294
94240
36644
66424
13991
89755
25167
26900
41698
83251
7398
25254
63479
53262
71924
53432
79794
93800
7660
57560
58380
74761
96986
94970
85149
75508
26460
9388
20333
63701
94106
14786
93113
86363
51756
51551
86630
56794
62098
34046
47543
80097
94752
23595
18404
29508
93694
18448
8572
45618
78644
54971
95415
61824
93747
3114
51466
95620
77344
56365
53972
2045
80994
26292
65094
68262
69245
41133
7288
54230
15506
66571
8839
25764
77163
21990
72094
84681
69827
65553
77053
78792
55687
74240
57623
83539
63639
50347
75364
17780
1591
41746
42598
91370
57667
1129
28120
42181
74008
65844
3805
65415
68606
64668
92496
39775
43780
45639
80889
54207
31087
37328
53812
41538
1761
64573
9208
6409
87521
81158
74667
4627
19009
39279
82977
12078
53627
67537
18143
74258
9503
69837
89855
34538
30356
48133
17621
85485
59482
59781
21031
86394
30734
83904
22186
10424
97517
2877
67969
46074
5913
31111
7352
58443
85969
76510
66642
70662
29313
8400
4992
46678
45121
58996
553
68094
11849
493
61148
82912
84537
46549
33522
77145
35216
18853
95559
98935
74925
43083
33729
24374
43618
35841
41799
11076
16412
46985
99770
13782
44569
85574
67421
20832
15720
38329
19763
32786
99306
96943
50853
72094
51006
74840
88718
35143
36891
88791
74088
42307
80091
26103
91308
2518
57141
96545
77155
60236
17120
69761
88064
88011
69511
78770
8909
77394
2080
83756
93616
17403
59838
50580
39977
30054
42941
19335
18648
63349
72229
90911
72884
53934
70056
87831
26528
26564
26380
37078
97466
3679
94247
99953
18986
84604
65615
67227
54944
61267
69738
21932
92942
20942
89691
37167
23162
6544
86396
25344
2585
52081
95093
46103
32596
28970
60839
71537
98304
97502
90948
53412
76307
8260
8811
78312
9099
14828
31225
13371
81014
85214
29964
90193
92304
50225
95054
61866
65684
21693
32556
27371
51338
69905
2440
96431
62224
85532
55592
14101
71606
76340
40327
43110
24345
97780
82089
96676
43816
61355
28645
9340
25028
63952
44852
81920
2863
59721
17767
49008
29729
87732
39935
26780
47673
12994
39191
2786
50299
99039
13668
77068
32892
11821
64497
13034
36445
88142
76226
14026
48666
36473
9168
69427
61814
80801
64882
93137
64460
10521
28974
57488
58662
8363
49312
26353
34332
45493
68398
76165
81688
1575
41731
79796
24634
32780
56888
88452
1127
14093
33469
12007
69384
41249
62943
58341
63043
59456
60842
9064
81822
87065
90374
10012
13904
55254
52555
69214
40688
82871
71018
93625
24331
28114
59681
37587
59431
44261
33426
48125
34751
53681
6366
61951
47216
34716
16265
8808
14504
76729
9321
63504
86501
1397
636
12529
311
37500
22224
3951
89136
57312
95415
68258
98496
84447
37260
30195
2416
57253
72241
56415
82717
31079
32816
22005
99693
27768
86494
85368
57197
4017
34611
65362
42885
58061
33154
39283
6557
28029
33469
73260
20955
32611
12998
43773
63661
20207
5827
87152
84851
35080
47651
11249
7808
44987
97331
2352
25299
95118
46788
3062
84532
91194
54747
66419
22321
6922
63227
31997
57952
12156
6900
26226
29530
64972
35969
92032
85947
85590
58062
20790
98898
97854
45454
45972
2926
52482
51060
4660
25377
23766
28626
47451
65567
97758
178
87377
22766
78165
91234
99751
64064
95470
96631
8263
84684
55911
26614
65357
37782
47457
34461
76070
44589
49702
32782
77606
35511
79337
82785
75133
7706
32925
3919
61782
1700
1570
96194
61372
10954
91217
71229
38960
82405
38108
4732
36050
40405
61072
26186
80964
56427
56005
87714
64222
48505
96653
13401
86681
27828
51706
15176
57397
23269
96562
11034
51791
78454
92306
16484
59764
57460
99991
5186
78593
83428
42722
64009
43704
80195
15078
85501
85060
26150
54414
32768
87873
34205
21531
95196
77261
44901
43088
18652
24075
70294
66973
63286
70729
23481
32004
74296
45308
7610
44409
57233
95633
48211
20041
40475
27162
28117
44157
99514
79090
50829
61305
70393
90628
41257
18929
63188
17874
71893
87185
70928
32704
98762
22154
24784
27834
95413
98395
6181
4618
59887
45494
22255
5562
3297
8365
2034
5742
11411
71556
99954
2737
70036
47102
20691
18205
37408
17316
16545
21783
77020
29223
24459
4480
46430
91869
59510
86772
69773
19303
8002
28982
41595
96638
31819
65102
86879
55484
42096
6228
71843
78677
12397
37332
96134
63910
6881
68946
87407
66869
49869
71790
86454
16135
19669
48609
93560
35784
26506
92650
73185
46965
77760
20032
59607
34865
56051
68348
40910
8642
28185
75200
28263
6511
98298
33357
73763
3601
7155
29453
94918
14506
40082
84615
6498
23172
14596
77933
71656
89031
78201
56615
90254
27201
50520
54466
67620
25463
26905
88529
46503
78979
36767
87639
65912
12762
8430
56243
47526
94432
11678
64961
95188
20154
61789
73319
28757
68579
32659
32571
94261
69663
82606
70203
61037
14640
3985
5145
17766
64775
16315
47675
35546
86698
15709
20337
7201
80845
50427
7613
2349
46675
79482
40210
11618
18053
53708
92159
75432
34910
20962
86120
74296
67683
79100
79622
45652
39594
1690
69658
56972
98697
47914
70625
88416
74451
23410
8108
9275
77105
95150
30194
13362
1538
14813
51583
65077
69849
11748
12810
2520
99175
41202
65365
3762
78274
96490
576
32762
57141
39954
26956
23566
46495
13250
81862
33272
13655
44923
33392
81363
2636
37251
10144
38455
81458
36409
43649
66973
29797
19656
9850
1004
52767
44961
79879
57348
58092
34499
61334
78493
29289
98334
66183
94490
81290
93211
15474
61996
71970
77538
41287
10692
36035
60451
47520
99158
87454
50496
78039
52804
33267
10571
85763
89660
88619
39922
94445
50442
42725
67781
67525
2579
98599
5304
92921
70692
6072
32854
87710
21858
19076
68001
10744
58188
10118
56209
54897
84774
59572
41790
99004
3807
54253
96845
52685
20010
28907
58689
95584
8539
10585
77036
87096
82070
62002
32181
52983
87656
94537
93150
53502
49290
98753
60355
4297
27188
42470
93798
71113
83703
29522
62645
17866
43707
90748
76656
23965
6382
18723
42536
19656
39747
10824
52089
60987
67293
93251
88309
5678
75051
34805
42510
30759
28542
56112
31353
7278
49507
76877
45758
86702
21614
14608
86284
60091
96785
81882
46165
68036
63999
65623
39173
66480
49085
80676
81443
96946
8898
25488
69398
18206
41681
2319
46404
3872
28162
86100
18383
97047
95541
54617
98487
78662
58998
31193
64145
38803
87048
94736
97213
73996
94556
97235
97329
4576
86028
43932
31006
53769
9751
4347
22910
75445
45905
38568
90257
1481
54663
89902
73949
38563
7231
21746
55138
67294
57923
31431
11560
25334
49033
2476
98791
36265
20376
40048
54620
18200
98761
28883
47462
48334
88375
49227
86345
36387
18412
62980
13967
4611
70737
20012
45625
40163
64775
17651
12175
61297
25324
6854
8258
61386
33324
94566
62491
99307
89235
25571
93113
48352
77930
31504
2557
86111
80496
58271
43824
85715
95762
14033
54689
37249
29451
56009
48097
82766
72687
62222
47926
78199
3081
81564
57370
76794
10172
17844
4567
37578
80486
34512
37043
78637
9288
32513
52756
88390
44004
41019
43946
60240
97254
69886
57974
94001
77464
71303
14753
27038
21260
81250
45180
25432
36196
75573
61282
985
65656
539
32082
30798
26573
68378
88545
58093
80321
17281
862
61481
41198
31889
70144
79352
16521
44425
34197
31792
70393
68402
44167
92889
80965
66440
22287
1720
13238
57864
37746
55922
84927
30040
41035
49394
1832
61822
41230
48206
62329
71827
64548
50846
74289
24357
82853
27409
79763
70257
51964
84337
10103
69936
57497
87615
15947
58669
22262
21558
45952
86975
33749
38805
77982
41331
74372
89838
31051
61651
54599
33590
52572
14544
78254
21606
57413
281
7341
99885
94918
32767
77823
25819
46486
3685
34285
26811
51486
91973
74052
10987
63075
55485
34547
93410
958
25047
67582
34662
81504
94389
2425
4343
6911
84576
64996
80490
31467
63456
99333
8540
29999
33356
69932
6317
75476
5426
87242
98762
25617
4264
48091
80379
69976
53233
49780
61872
7143
29650
35505
97731
59037
1660
48517
70771
50347
13265
22287
85815
83489
56530
54340
75731
48987
750
30544
18693
60539
6358
40595
70261
27300
75675
19925
61127
71274
71672
18662
93776
19568
34176
73737
53030
85112
26992
9518
24114
27181
36699
33651
58210
25004
52165
26525
61608
26038
44385
65219
14299
16777
74366
28488
65553
25923
99347
45969
60404
94948
13275
33255
89272
6087
34306
71725
51368
21924
21189
13757
33154
71126
38302
35722
57324
55994
86553
46725
26783
84485
57577
64686
33599
93729
29818
49492
76691
26384
13206
20021
85071
50136
68020
87659
53224
29312
38433
76322
87846
12637
83821
54445
91144
12317
76626
79889
88950
70479
84375
81356
65491
48416
75968
61911
15809
82205
74715
71646
53503
20857
41507
4401
15972
69491
7589
21340
65594
80471
27105
62585
50625
81018
3643
20511
25666
75459
30063
43271
4823
86277
89413
80624
34115
17406
45948
82506
797
27174
73275
89057
74115
63899
31391
71269
52888
60764
83657
96087
38545
59902
11387
14281
63269
51290
39655
98881
75729
30322
55941
72960
97946
81424
81756
79159
46352
83446
8952
65315
43292
66031
49020
65055
21386
80660
64787
91584
33653
22400
79410
68028
66691
71992
76933
25534
72897
5256
99162
59874
3786
56223
24754
2727
49392
37346
26082
94331
91711
83144
68429
7941
68493
82112
47677
24959
61401
98497
19887
88607
22462
79841
99834
73004
64263
52805
13111
55013
15429
97351
37219
1920
93397
63419
47966
63720
84988
2853
94337
44341
14872
59191
78295
68151
15578
3211
98738
75839
3779
39661
80009
44385
3044
19051
78109
28383
23512
21325
92618
72669
58058
85727
8643
80878
66634
9424
5983
11842
4400
31612
68538
7384
54452
32844
48418
22694
39889
35316
81891
21089
87907
32756
17660
7107
33389
7794
22202
39796
59941
77012
37932
54689
81886
42250
17116
88014
24595
58156
57137
39581
39471
10589
24145
59932
65842
46552
66697
89518
7316
81310
48185
93552
16412
23433
33320
95868
70264
85912
17472
7177
10830
36793
11575
15462
4277
84644
8237
20599
93022
47889
22222
78243
26387
61915
53524
3641
47572
98815
1846
32358
8099
92616
22778
734
65255
59767
3914
31232
29929
64549
32291
71080
31311
18926
70358
8077
85202
22962
2197
4338
77833
89033
78321
38613
25120
7307
92342
36896
14708
73955
79723
55033
20551
76771
95472
66641
13603
44151
71309
45626
50126
59006
19532
57576
8923
76293
11038
5214
90438
17930
15169
71573
86844
66980
14663
36934
95875
83341
94835
7494
56431
23128
87921
2572
81684
56371
92276
91182
41003
45368
61398
45772
27036
85834
67841
91324
9305
13879
90683
47691
90558
28751
13172
69798
41475
54728
90206
34474
86169
10953
43464
12639
3875
54758
9687
76260
96567
38729
60680
77043
78051
47062
27450
95920
48125
13049
51326
53577
66431
42536
11381
92643
46121
28585
77972
95978
45971
76788
48830
34371
42942
33562
3389
44297
23640
7768
97575
55530
28562
80760
1230
88930
58166
72831
46390
90963
75142
89167
88833
53260
89155
53038
45565
16016
73670
35980
68821
5927
23968
20582
32447
34397
18007
46240
9750
17691
4477
77785
62943
88394
13025
94706
7988
10766
22852
98453
55032
99278
83897
60357
76710
76855
26665
6353
81711
1445
44469
26249
28981
65050
57332
52196
90315
17725
1860
70072
79355
94817
46300
58304
98240
48450
31179
49367
58695
95474
1534
15491
87162
52192
90812
88978
39805
12494
83959
76727
74354
45217
5495
93383
22154
36225
75410
19883
53921
7140
70823
21963
83415
43808
48104
72598
14445
55278
3044
1052
18501
93948
12185
25289
35485
4358
2950
34973
86363
48746
17632
48222
95753
5707
49537
96206
7129
53393
82766
72286
19546
68233
56276
13066
41132
31203
41016
27146
42417
13726
81747
82454
4681
19431
58289
63676
12045
69260
57384
48004
41306
34186
99016
4759
99465
9509
55338
89921
33186
99936
69404
99763
40608
32483
15872
61577
8271
61971
37243
23492
24337
45218
97678
18336
82169
69857
41874
76042
12358
14598
8121
87091
4324
86010
10153
82780
57044
18940
88210
16345
3099
24783
44435
89126
5271
34828
81007
47186
49243
6511
6264
19878
28162
61901
78273
70125
26000
82284
73795
53723
92862
96342
41343
49461
75292
77007
88316
65265
92576
4514
66642
29559
6070
24712
16751
39810
711
15014
53343
68853
21662
23458
27088
29245
11458
90966
4866
91265
23103
20155
38439
57108
21945
26983
75737
66809
29358
90606
98948
22835
90856
32304
49613
82156
35205
37622
37272
82009
82731
62289
99153
95494
15124
38076
79243
19258
84872
21240
96081
97430
41257
9504
66642
45660
99018
94705
35648
44144
86701
73040
38402
85885
60049
19837
31426
81188
92947
16115
8810
79549
93402
38825
56188
35671
23387
77822
91024
78085
33613
6356
65320
32516
93199
20711
42689
87108
11052
3286
50475
49508
82179
21383
12071
29731
86564
18012
21312
3515
17821
4604
54953
60475
61912
8119
11011
22721
4416
27568
30082
3174
60761
13379
5059
66777
32377
87775
76052
18678
69678
22020
6473
51194
15928
79219
23795
55945
26546
21408
20938
44252
20432
84099
10808
88770
52469
65004
70026
30933
40372
38362
22576
69995
81264
2251
95701
30378
14011
89222
45943
71628
41484
61787
10935
44955
43888
29134
97049
48312
40145
98185
72220
20740
27310
73117
60616
21613
33724
50549
45606
525
95881
34236
50911
9676
83370
24151
38951
45223
51328
59198
43060
40112
65602
82625
76945
89632
10484
90880
69403
51328
46810
61379
43360
26495
70663
6432
30107
67541
77017
35138
34686
91332
94661
53378
16883
30465
18258
60518
23007
50401
30194
87138
5131
27769
89729
63113
5516
11398
32487
36655
4788
59070
78878
66985
61415
86685
87972
66438
7047
46808
4671
67637
13028
96231
15527
61048
87057
42422
10612
31679
47846
87759
70032
70759
14762
60364
42985
45787
56802
39115
80102
77407
29938
89906
46650
51361
38804
56397
13277
473
50913
7169
82548
34231
81913
32814
30172
9876
69148
21300
64261
33955
14655
29310
57063
13792
48464
94670
78312
62130
19008
36795
46129
50539
22677
21908
36495
5447
13334
96018
69837
19149
41245
97679
95474
90353
74037
70372
74287
93836
10494
3423
11687
9761
37470
43582
20289
66043
92607
63467
46406
8150
49674
36307
51464
32029
59732
6742
90233
67010
33287
5221
98207
27847
39908
70651
65333
36379
21486
92182
59145
83917
13305
77070
38326
43959
85646
18620
98841
40135
82231
30452
69305
18691
22409
52446
15167
32205
68300
23078
63132
94129
55593
2301
72658
50543
31271
52601
24833
20932
54900
44708
58832
36141
17609
54056
71696
15770
48330
84345
98272
5001
799
71121
94190
39834
10725
51878
76281
22043
45731
75293
27297
28677
37262
70189
31001
79130
90022
32886
64557
36944
16215
585
59470
96453
22612
25260
11564
30272
6336
87050
45414
53007
29030
26577
87669
81911
72709
11852
85671
42722
69891
36556
77312
54166
23151
91697
77924
16831
95496
36406
5818
22641
22209
44396
74092
78026
66631
92655
82835
67222
27455
48015
8584
54914
62030
88439
86143
68977
64725
85733
52662
38841
57390
73206
74763
22095
88943
30641
16477
98036
56510
24681
28082
62582
15474
69224
53138
11956
29629
8832
2986
4303
85619
7846
21091
39199
3859
68163
35646
91638
4449
22352
50393
62257
28169
45563
72331
27095
58954
33052
52478
3292
30566
21263
54005
96726
77291
18153
51826
76262
96897
15718
82553
91398
82934
83943
33443
47408
4724
47979
15339
94178
19335
21941
56580
15031
6823
22565
36165
82631
81883
64374
91212
80815
77464
77300
81656
24359
79253
98782
43937
71067
22010
21511
61909
27062
28308
69772
17485
83455
4615
19574
97615
16661
75144
26935
89025
27484
69438
27629
32018
95239
7937
47180
23139
9303
28265
79891
64812
46888
1454
77941
72437
42422
4444
14202
13000
13755
90758
10906
64068
82210
41
29041
85334
60002
70356
67164
78646
63473
59857
9616
29013
82529
57512
4188
12354
64196
69074
83644
92430
97390
48736
14048
70105
97489
40489
10402
82091
48259
96282
18303
8324
84277
32044
84434
48515
35958
50705
80823
83502
76410
84047
7114
9783
80981
80785
54774
18099
19856
39846
58752
3375
97265
16315
51637
36584
83443
45992
59616
47488
52314
19273
76372
27453
13867
64317
48507
79971
56241
38039
51683
84068
51650
41130
84024
32339
87037
38090
44611
22431
94720
59276
10922
62718
91069
20199
69941
62883
1560
90631
87833
34926
2716
32227
75615
41675
42380
81886
16231
18871
57749
42479
32343
31701
22197
94447
63904
17229
94787
6718
85290
12712
3408
70398
76149
71024
59618
25496
43740
7062
57790
19277
284
65881
13212
39860
58437
41434
93257
83686
69212
25748
72544
33862
10953
88998
31723
8632
64789
98866
60940
99077
59271
16178
95128
19531
41825
1593
74135
22383
32404
10903
8773
51148
74832
92314
45273
83041
17841
94059
17421
38289
29385
88101
32
24161
65821
10498
37116
97248
5142
37484
41780
87399
88081
75130
97648
67676
68584
64707
13185
3511
40831
37430
95087
67833
95651
69380
11393
86542
26511
92639
6446
48424
1046
26119
71634
14506
74429
28990
53856
29994
60665
79752
60861
80732
47433
83034
20820
39611
48829
29201
79731
17195
57509
61035
17848
74119
3137
52434
81653
36214
85034
38975
99148
92553
59971
25067
18190
84342
20384
1401
71451
909
56884
33922
41249
75531
21174
38002
22925
84722
74882
74941
69590
91184
74411
25718
32124
63503
8066
95722
64368
81443
3938
18955
17931
46632
80868
26851
54728
68182
17664
18129
84246
52656
20303
3102
43542
19489
1933
36596
3863
80235
26368
98827
28994
40420
51609
62911
4714
44837
6340
93096
49741
35978
87764
24350
72678
98722
27809
91919
40420
24788
66796
77890
27024
88310
40230
92366
46606
63550
73912
59988
28927
1741
20800
81046
52141
9064
99719
71727
14452
89367
37944
99701
32692
95965
58958
87
36218
33630
96452
39555
12842
55083
89918
61955
97532
47930
74977
64607
59718
27478
60055
40544
7865
90291
90908
47172
40578
82214
66134
11994
9329
53735
29460
67680
2720
23232
75574
32879
55663
23467
30614
89195
13828
67896
93188
33350
52798
43613
73134
39671
4843
38229
84200
28093
71567
53229
176
34370
52777
87897
70231
79214
90957
1196
57022
38226
72004
1383
23983
34223
4596
49168
78086
72740
7426
29954
17503
36819
99917
38126
2817
94352
85368
68739
87380
806
55694
57271
36358
20320
4324
20400
66384
83306
99520
21144
56442
85322
51374
61379
51084
91316
34082
63060
79690
98626
82301
24571
71381
34643
57383
75380
12578
52108
64445
76244
44358
76587
52142
20053
75556
85849
54231
87312
89173
30800
84974
64800
80610
617
83176
72696
76023
1009
62448
5364
38644
78418
33524
2474
14719
24955
45872
34956
47461
60972
10600
75860
47609
93502
11112
60747
43237
19879
80480
99968
6882
45401
17380
73368
22462
9599
6153
27323
42041
56063
49605
21190
15537
8073
31060
70015
9256
30970
41695
27647
83956
61987
62239
11516
34956
67303
66513
13197
37176
47855
77812
99387
721
47031
89111
66371
84632
68621
43481
8785
46166
40531
28913
65420
54583
9745
39909
75480
23003
39194
20557
25
30952
37687
51054
82200
37010
92240
6043
98286
6721
9068
12139
14510
10974
94516
4782
43725
57724
54546
15121
24921
31880
85066
31513
58186
23963
55220
98276
98255
49786
85493
91575
16377
88056
98810
35311
78410
87867
26715
1355
37493
81728
63551
61510
28655
66700
24126
87390
30002
74196
18279
23791
25988
92395
66484
54311
50042
10342
90926
8441
92152
88820
56082
29637
66459
70997
30162
95869
16524
21903
92958
95534
47258
74128
51331
9265
98620
18953
11275
58542
26479
10907
70593
99018
2588
73410
50464
54854
72102
42425
13000
81192
83389
70894
61510
63611
86551
88011
86880
91750
61618
27817
45271
20138
41765
35292
89439
12297
50811
64616
25478
88413
8088
2194
27978
24978
41416
56286
11195
74397
2075
63840
27389
28384
64407
83831
95017
11976
39162
84610
96326
65121
46557
86747
21569
12755
33168
81921
27248
54223
13713
75720
50697
7268
30512
83942
7135
48447
6828
1585
38719
55739
55598
36393
85709
34960
66720
8796
43857
29102
55454
8491
85166
70483
22384
94038
12581
57663
32653
36107
62724
6649
89889
66042
54811
32477
91384
20558
96124
27410
17535
56124
7408
274
33646
16629
13108
99650
17581
87238
38346
16153
94301
6649
98976
14903
57749
63260
41437
97153
70844
94543
84594
77888
25812
97580
70594
36532
90964
8395
38815
59041
97644
65964
23197
26793
81495
25759
2091
25021
63210
55155
30559
61293
64054
12277
5159
78228
63230
29707
92373
21447
89297
96148
11072
10192
92425
43169
72718
24791
22147
99771
49900
93032
24701
60085
6883
55639
15099
66510
40019
16429
39087
17266
54944
68832
47700
10750
4247
58046
15992
63269
18785
76233
91476
75553
58191
77165
9830
59827
4527
91315
60096
19343
67967
71472
54441
22073
91166
3016
74843
71292
44752
1420
24007
63440
72297
34488
40365
56483
10109
16489
69939
89418
41145
69410
74493
57437
44748
41434
89614
61677
15379
88509
46513
84820
27945
70586
13367
25073
83092
36874
29907
60890
17008
78636
22306
63575
76759
56878
36864
50300
78061
41327
37505
94808
79387
30985
78443
1686
55181
97385
58552
56282
97337
52991
61690
5553
10914
94475
86833
55192
12913
19880
19882
76530
67517
51217
60854
47231
26555
17311
42130
20979
82373
69936
63562
41003
90759
76760
71147
83290
36523
64616
21950
10529
7077
22875
20365
21701
32778
36989
985
18364
77596
68897
69359
36045
85156
24580
66716
28940
86323
47644
87850
5328
51404
6072
15374
48913
87613
12410
42482
18026
89617
53583
53306
53469
90986
33450
41103
91936
14442
17469
87241
32746
8274
74088
73438
61940
72232
1106
76164
62602
38813
69243
67083
58543
19888
72855
95219
71097
47140
41989
56612
86504
57982
66719
71751
27587
94292
33963
32347
57420
23711
72706
19326
94812
35212
20685
84393
68485
50455
33706
6831
76527
21474
49053
78937
2387
19126
5601
32542
5430
56323
43066
10178
81411
75059
97439
44116
90482
95426
93777
9841
13674
70798
81715
28406
49554
67803
23856
24333
70718
4399
97974
80818
46445
98965
8003
21372
8333
10509
61422
43747
73822
40853
34436
14126
49961
9207
34072
99015
53345
22397
1022
43058
60680
16571
58143
8258
61109
29269
61648
81473
28008
90781
7334
43092
76698
5723
64926
75138
93837
30048
57131
98468
5253
52595
63269
68244
4084
45028
28225
28481
55877
12426
70350
76381
33468
38301
26385
76830
79399
90792
23828
19830
31452
65067
50356
15608
23565
43535
1846
97908
88370
56038
10518
12700
31094
35323
79906
44249
27293
54267
40423
71715
80633
7582
65455
57533
41564
69428
71356
23912
41070
92564
99371
39953
44035
12006
24344
80826
64265
15700
33033
19371
41543
89228
38982
57631
74570
18571
78714
33364
57408
84615
44005
42858
57397
31225
45604
74183
47903
83607
35037
83120
70995
12385
68321
94611
50767
46584
92718
65225
23501
27043
33750
40036
8381
35789
45962
69473
78001
79816
40635
35097
99300
25028
81860
19269
31772
98755
20247
74433
91437
8816
54230
89365
59899
29607
29473
11013
51315
93724
89485
6259
96649
86769
59363
33208
89450
34884
8781
35223
86036
45063
66067
19412
5430
23006
18520
67735
84375
36107
6189
92982
16880
20322
20254
95997
84251
47217
12262
97124
96050
47466
90073
30117
51749
64110
41843
68281
60390
62898
34593
72143
68571
77739
27177
22503
16199
20863
32566
90936
97935
64658
21618
59347
55974
31882
20854
16869
8086
72568
65733
11614
12372
28760
51677
84336
23105
3305
30194
40723
4627
33841
25421
57488
14893
68704
75565
59583
27554
63053
32429
99884
60919
72876
1791
38969
48542
57893
89309
16453
98413
40036
14219
78879
7425
95125
62873
36547
43603
93963
85806
8274
71247
55757
60263
68820
48844
86140
70158
18217
15983
29259
68863
30400
9119
93698
68539
74339
7246
3730
11269
40159
68966
67215
77
17159
26687
57639
99152
62966
59887
44208
59897
2152
87359
18702
83302
28076
20355
85115
74028
33042
28774
82543
1179
41934
11525
61486
78688
31880
24690
93771
47780
50133
9071
3590
52676
63879
89233
6989
19667
29407
8319
24566
67551
91201
54310
80030
25767
74098
17272
77096
16715
15112
28691
25009
93680
68974
4114
4792
55766
22445
22556
40946
42879
50935
60409
20995
56561
36381
53402
59400
5819
74210
60875
44221
85991
38455
86302
39207
67299
56790
75367
95716
14506
31308
57662
50112
89306
55514
76824
70280
80531
24553
903
16422
22263
6652
86340
4430
70890
13269
62524
9192
79065
92580
63709
5094
39981
70422
14017
3850
85861
64499
58438
14337
69993
61037
30688
93508
56708
5127
60293
83630
87568
71034
76019
3666
98775
11029
16386
81192
83761
50372
87621
26123
79579
58521
73201
95368
45369
21158
67110
97549
43335
47338
82534
58337
37160
81262
39221
70303
35060
72289
89434
17729
52346
67301
31284
8525
14482
41563
13643
18746
35656
17927
10420
59508
4955
21846
92679
73800
70220
30681
24956
60229
98401
49313
50032
14822
64663
68752
67822
23038
90297
10173
46145
1305
68430
27975
77054
65959
94281
43734
45901
42772
84216
24121
48354
59867
82670
74303
74316
58960
40440
13251
64122
52852
87828
18594
94271
61827
39165
23719
13828
48807
34761
15295
5941
13961
69123
3911
57221
90261
11596
26862
20036
57319
67746
84085
5851
73558
33975
64280
66707
1806
49038
74890
2401
40315
55547
39613
87103
60216
26149
55205
81738
44709
72094
44158
13143
17917
38333
88286
69303
99033
42778
30297
3789
14468
49127
81005
78730
91004
27128
14738
50689
55430
78516
11656
6092
38690
22043
26938
3664
30890
96173
6450
96021
71498
64402
29869
71478
13335
81402
99226
32092
88726
71845
30148
29126
2202
25612
65400
6284
20200
24579
21105
78151
6358
49428
14392
79546
33378
55159
93188
1167
55482
80890
78964
88826
94314
34684
4672
3121
56897
4468
43879
7889
7284
19715
7319
76704
14935
99833
31443
48759
60522
58831
46863
59801
1180
31621
64452
44814
83432
91227
52554
63992
28677
71027
16503
94113
22817
20351
22086
69815
81169
62616
49659
57233
62205
8913
67720
95740
15144
79559
70017
37937
67177
14480
52766
86667
54052
14678
94572
40312
1167
87322
25384
536
35971
67287
39190
18145
1539
98234
74838
83498
2144
43434
77008
30296
69155
98943
92238
88114
87481
74996
76254
6227
33847
46887
65567
24758
37691
37236
33741
44760
75314
60909
99087
585
92889
82202
99786
27887
57051
21144
23056
61741
17802
37125
24834
72686
32794
73177
86030
92247
23910
92381
9149
90423
8371
73036
64581
86004
75125
77739
73236
57942
25207
24318
86734
37909
26293
94970
78149
57322
70313
26801
90588
74033
75459
43210
65138
53431
42902
27432
41427
24660
57026
43523
52920
48974
65981
95406
7524
12484
36305
49396
54258
86239
3513
13714
63751
59748
52670
55738
12535
85188
43579
11356
92725
42339
18745
81613
26425
64443
9740
28989
1442
21644
73305
91773
46154
32572
46912
8584
33763
67257
71438
82910
90945
96824
48088
37136
23463
65553
23805
90424
79984
79919
57690
29629
19073
58399
50460
22276
5060
15191
83602
59188
14714
2804
82446
47251
23843
71947
59114
26090
17963
57052
88878
10441
76921
36325
90182
28741
79455
77707
9739
34984
47146
1899
63338
70759
75408
70784
17038
29017
32283
87641
85398
92141
62046
82989
88994
95270
17699
52896
24689
58537
6358
50253
38499
12780
79109
23426
52041
15539
80747
23014
86120
4775
97495
82559
3132
89880
64698
22096
50582
72519
6742
63967
62802
36074
94102
36948
2483
10161
14314
90443
42746
34650
43563
68076
29495
15522
66087
88039
63821
75694
46407
97064
70379
27290
52350
47072
12326
69928
68665
73856
98292
83270
32750
9116
68513
41920
81723
34065
83097
82456
32513
39487
76578
9804
39831
64619
28241
40312
12739
1161
63119
98803
58993
64612
88686
83241
86036
21135
96826
66905
308
40931
685
56348
11054
2985
9026
80090
53841
119
96508
17465
47856
52101
94613
17880
78819
81586
85980
47014
85308
61205
3880
82241
12036
20531
97214
57190
53449
5441
97011
84176
36731
40474
24971
74021
71847
76064
72557
45719
82108
69297
18602
7386
8812
48390
27706
36192
49430
60034
36250
19525
36877
48417
11889
75790
71096
38867
80877
97691
14170
68
66937
99464
85055
95794
60889
69883
567
40585
74904
44170
38788
52309
65932
37782
59819
58274
44163
98142
35590
87125
3304
51287
65326
81717
19316
51520
76420
68164
98850
15132
52544
37158
42359
70267
18240
7641
35684
31235
62859
28479
60123
88505
4986
31247
10481
79379
33108
22103
88068
21420
94812
55976
28068
48990
9632
39721
26247
8634
84088
45187
29620
80958
9197
51000
96198
99461
93674
49187
61769
53351
83848
78337
44986
59906
74740
90693
55011
21223
13661
43633
8470
77061
30005
7152
26012
71450
65054
47035
58128
60371
68954
61971
84348
63819
52120
16203
15208
52618
1784
18868
35036
6446
9395
30670
11604
36538
96741
83761
71355
14144
78084
52561
10862
64163
4525
77711
65958
69196
24412
26155
66625
25653
22009
98230
5728
55674
5376
64927
99019
99498
68215
81617
25447
57979
74782
89447
21801
17269
87881
31899
54662
24681
9831
90202
29278
52522
17087
42902
93986
99764
98881
47507
43147
33329
67516
48172
42490
99655
97824
42472
71606
79038
23674
74073
94600
42588
48100
30012
24847
23420
25281
48708
45348
98455
59804
36142
97607
78494
97544
71897
62134
61149
50600
92746
27877
14273
35308
72653
86333
24984
89072
21572
80258
92026
67850
77231
92549
70407
37865
88035
95372
74168
63546
32881
97117
24187
87706
65282
29234
84957
68945
16568
76541
80674
65924
19809
33935
45035
4821
8647
83000
1727
78835
13351
86257
70320
78623
19277
76278
24753
79561
45869
25301
44542
41903
22300
88332
82390
42863
80590
24329
63027
71362
20445
72286
47343
84964
29394
84386
45383
26111
7974
9249
57313
17754
23588
14155
36502
55817
48253
9476
97487
67829
41
75158
66495
49501
12611
6610
92020
44347
82056
48220
82777
49176
36565
73549
72942
73978
97312
69704
39595
97959
26704
23227
85727
8059
41453
89108
60335
27633
97475
82535
45207
24661
55456
85531
81913
35036
8445
50212
11000
61772
30439
90318
9744
4586
83567
42880
9082
40769
88248
99627
44854
3563
70459
25498
76047
62242
6137
7417
18018
88607
15301
45891
96243
94617
26793
2792
39945
86938
73305
39517
36580
53342
91294
1434
89655
37092
22403
1794
37530
38728
20884
30367
55297
49515
93976
19795
3619
72249
14187
83250
51071
1984
35640
92687
1483
11874
91991
52718
96973
80921
98342
49932
223
37418
39855
27361
84470
75878
48162
70913
91254
26908
49156
64335
4771
24044
80579
52592
75523
94045
51011
43661
99362
70339
3546
5425
59359
23076
2685
36005
40486
38277
41468
76839
4386
1696
40712
58432
57041
98902
97181
61630
9157
12639
94628
41809
22166
90628
22253
72679
6722
83459
75422
73936
95725
42823
90254
42874
8215
24544
66157
95435
67037
23225
39829
89825
99873
92604
46370
329
6118
7249
94096
92064
52302
49483
10861
70246
92373
41101
77693
31779
50198
53499
93538
90666
73975
74724
54499
98004
4511
73744
95350
55958
55621
22583
86223
58486
87561
48923
24995
54971
65662
73738
94462
23223
32783
86508
15218
23559
10879
37824
2206
14738
21958
62808
15868
2736
65371
3408
43915
6747
95412
72338
46664
44045
4103
94744
59867
19621
75734
17197
51928
2106
55453
57810
31846
60597
39966
31954
64251
99333
48078
91930
66676
32229
93547
89985
29541
92618
266
73394
55988
138
43412
80458
51964
6072
35058
21348
81785
89078
46352
48895
79549
3458
32926
99448
45981
87943
98179
2277
65775
27255
70380
35532
7935
91617
60054
51407
44249
6009
89716
46114
29009
6278
82453
56453
272
53386
37927
71832
6125
98314
9183
4697
16625
15017
33106
62087
13076
3725
72374
30593
34005
54272
81663
20
62106
17377
32138
15448
64293
99532
81040
36166
31502
83251
43107
91674
48046
22831
48736
98412
64410
2914
10125
13254
64255
15481
77031
83225
65140
56075
17149
70469
78068
67399
19325
92235
80947
45792
71504
18626
30734
51804
87405
47541
61783
95917
3143
87915
55636
94133
20804
10635
37402
49779
92097
1925
63562
7603
60811
79494
25556
45643
68050
56527
30126
31096
78176
85889
34208
61880
73754
76920
26440
92278
59584
62804
38856
21432
72356
87951
13628
28583
80598
13675
91630
53980
7510
97122
72509
41718
95492
72317
37199
71289
63182
90714
21215
17741
44959
53098
61085
30811
48976
71743
10237
73857
72070
31730
44216
79954
58232
99033
44544
55313
15000
65358
11137
26116
71148
78356
53285
30763
52487
85173
87074
31571
69657
6701
90664
2866
97142
91436
24353
40288
16871
25243
42573
80042
92090
72214
5932
40969
84101
33648
46834
30438
24696
26691
33095
8324
73451
23477
20270
28162
33827
17040
70076
85704
47202
26184
92086
16215
72442
57564
25537
83282
31342
47026
55431
99755
98898
32425
18646
45863
39927
67653
80218
2715
85362
5264
579
18084
19052
55028
45125
35863
29573
98989
88203
85944
31784
67061
62515
4386
32487
4234
16922
88494
87301
27011
81992
33740
43680
79755
12027
39137
14010
17802
55283
87867
81503
70428
25708
99034
14412
12015
35027
36626
14285
72094
3808
93188
99110
65352
66708
22038
82074
49565
93151
87337
84978
38477
71412
96835
48882
27029
17789
99723
72177
42278
45311
67903
53099
45414
54861
54391
10374
33330
66953
35993
55644
57897
28067
953
66535
66019
4889
72247
5785
46078
87523
10504
87362
76644
97995
77787
43554
39659
40135
47805
33362
63223
2688
22077
8188
39215
69597
40586
34608
43438
56535
63456
818
82024
578
1593
13209
38072
12870
73951
7493
70947
47328
53140
34317
14725
71724
76525
75776
34508
78919
30273
66563
41554
61308
90939
26692
58259
92972
18754
42861
35963
65833
36764
32069
80891
19931
3557
55955
97674
77462
83456
98127
32178
54137
36974
56792
24450
86526
37697
7297
1761
34051
88970
31218
43638
78549
6377
55090
91013
67080
19940
86217
75885
94330
25354
21990
7255
68790
22703
72805
86154
78098
82648
90735
7632
51000
13822
13633
61182
38979
43722
60410
13632
67964
53201
29057
92260
55829
95737
24472
88793
94014
49110
36588
99500
42127
1533
77542
15606
88043
34162
90501
48711
5552
41804
42358
23220
36229
67367
32565
79602
58061
58421
86138
50340
45986
40570
20732
74879
54644
32538
73748
72094
74102
23938
7381
11391
81181
22421
54755
95732
16748
70741
17647
94532
63652
8128
52558
97623
61417
34228
12748
93769
26973
14011
77176
29869
7511
46323
23015
22880
70465
2160
10784
82625
17380
11512
35169
50249
64879
15037
84022
68943
27703
54040
4759
44614
41704
45796
66143
13183
28023
70921
77414
5616
40784
89442
43503
94545
39143
84327
66174
78867
7355
11869
51545
12583
4583
44191
85975
33166
99461
24896
12621
24759
15847
72547
21295
74462
30321
78303
2990
62953
70651
24969
67442
67377
39553
80997
46220
75062
54062
53156
5123
99563
44316
21300
72094
26658
27631
70961
80651
3603
18236
66299
3742
68071
43684
55220
43388
1191
97426
38844
41519
79038
92259
50631
42574
66675
83781
37410
99351
48459
10106
61628
72233
88851
8389
32250
84809
58698
37775
98656
93686
41735
41186
84144
88409
22601
82432
31072
66693
5291
19842
76132
48468
78226
67139
69286
41423
9679
26547
8305
6456
40600
28658
25144
94377
5614
71530
83362
1247
34531
99091
82296
58065
72265
97871
57008
22652
59245
8130
78595
68809
8503
66377
98166
59598
25355
54638
91440
15651
81306
52736
81713
113
39811
40071
6578
24452
48088
66642
50144
38925
37156
57575
28891
453
46192
64112
63705
27809
32634
52291
41258
63077
11561
11357
60568
57511
90910
47251
40345
99989
98076
81503
22786
49764
67693
14225
79372
17313
46470
58808
80499
47593
68694
34900
59739
52039
64704
38559
54201
70993
62046
75835
29023
31713
68604
30671
6647
54434
73438
7643
99066
73100
43688
15177
33291
57765
8218
25057
9205
18141
74730
97479
31707
72071
73070
90878
32410
51494
64235
37941
84390
25704
95822
63247
53676
17237
63734
30463
38113
28556
16335
13739
74888
98751
21384
24259
79187
29512
51565
10787
72997
19107
92407
84249
51902
4246
16530
76671
53831
49857
87909
8407
98437
8304
73666
3489
71608
46463
12165
80783
74818
7523
90524
35086
45926
95520
42690
50908
29050
64616
90930
82455
73540
80561
4355
86180
95833
84039
58067
75130
53823
7023
53101
72260
29166
35897
77284
11302
8719
1284
63172
99185
34286
67081
41556
90088
37285
48883
63292
64633
41963
58669
67964
78025
40222
51922
67809
16170
13582
25186
58625
27445
34416
7187
74036
84666
32961
35036
81898
63184
59705
85599
16130
45322
2022
22345
86070
58499
99586
69301
73411
81604
92247
76269
13987
46797
29064
30820
96897
96344
53192
14558
10268
78785
11641
19028
53040
43653
81761
21237
18215
79771
41588
45931
81222
17292
11529
84567
14025
67579
15047
5439
20295
86319
12170
68505
94300
82416
34321
60328
14183
71157
36926
2830
62843
57598
5791
82205
69139
53735
26031
41263
29153
72833
78906
69509
90467
65699
54542
56279
63161
77892
68695
59745
57488
97425
63124
43475
27881
32322
26245
87028
8813
69604
29003
42171
82253
31116
47619
12770
44414
46801
39868
80588
17318
80471
81101
67630
25506
72958
40365
68773
49575
43395
14207
68122
41695
71050
65233
32228
49077
67280
79530
2330
14313
95178
16431
27832
28317
88665
97194
56170
32457
10874
50981
32813
62389
79057
46832
82878
98385
78478
57504
27381
22520
72166
74606
22315
10476
4045
13313
62777
50447
46947
76997
59496
81851
36769
29636
86757
50932
24144
54729
16759
33669
1676
72751
296
74177
13055
67616
6736
11541
91113
85448
28384
757
19260
21865
99733
76808
51666
80507
36839
50305
49235
44293
24106
92855
71536
39097
50386
40789
50710
46333
76887
81544
35056
55883
13282
6738
92327
32852
11289
34560
91977
30291
18618
86447
86122
17023
39184
65540
78024
90663
73724
76554
83618
99050
76852
43498
232
54863
11401
8758
10223
82084
79851
78936
52159
25086
5692
89467
51446
47681
57488
67489
67293
89083
10040
89804
35245
88568
95746
94533
97526
45766
19552
44904
42553
29788
77479
68745
9467
25798
51420
21984
60574
2855
63682
88054
12164
41577
96393
72371
99300
48953
93972
55932
43189
56081
39618
41038
26167
73837
84967
52806
72377
64700
3880
93158
29605
14262
36141
22789
87200
31592
64963
55798
79082
13520
74189
76252
49568
51202
76076
39699
5294
49034
75684
98630
21598
51584
78457
32005
43857
22690
37671
92141
21332
71107
77129
22254
89363
21168
87876
36722
89318
23932
87336
23687
89893
29703
68908
69036
55303
92397
97406
23463
54252
32401
80910
68159
31151
6312
26718
51489
80731
83744
93716
66698
89963
77469
7224
72911
4947
97010
91099
29643
20536
5059
78639
46217
20856
43135
76980
18371
43913
62271
13729
50379
25592
44066
14038
31245
93082
18593
58625
5654
8030
10981
9786
7508
56784
19479
79152
34224
40689
17909
30379
31888
18394
38460
91707
43469
31780
64764
99605
94389
40572
4895
40777
36909
34869
99176
30263
77376
48488
44530
94425
25042
82915
1180
90980
68040
56096
73515
61289
6033
86267
52905
8655
57321
54004
41865
27534
1300
6378
79835
53669
41884
86007
71092
72670
63675
46652
82833
17524
93077
89271
16109
99304
16632
58611
39657
94331
91483
11261
80078
81785
33272
64883
61517
84420
28451
91619
14663
78540
45169
70287
76826
20922
54428
12847
13474
12005
29938
50392
11205
65633
54205
82202
22379
39345
98046
64794
89682
72977
38593
67988
86771
49629
24226
82766
47484
48175
24408
58698
58488
63320
30322
33451
91770
73245
85835
3526
996
8758
92574
89113
70929
61888
2319
85366
17090
29628
90336
96236
75936
58509
89981
20184
9977
85390
38174
1560
41894
77324
90403
12525
12915
77349
25066
96116
91448
45595
63270
30274
34264
44909
16034
28381
68785
5822
89928
8491
3399
2457
85136
83646
8587
26353
30752
90204
3871
52171
53945
80678
99829
82267
28226
62405
89055
125
4866
26772
59365
14323
39626
16902
15395
3617
79311
36604
82191
8821
45180
98794
95578
90697
83222
34702
36399
14132
10397
9096
43652
25264
92437
95486
63631
89406
29343
45449
3303
6937
58340
60563
53939
3656
12928
90993
46084
93266
30812
22406
99689
80877
61692
11436
68754
84498
36677
37230
97924
12292
6749
38775
36205
49442
19661
9553
79234
30728
58596
13589
10641
69626
13460
62224
39473
38265
35762
99067
68023
55705
33652
79372
82718
25372
43073
13885
66305
75873
25419
56595
54818
42202
29659
21390
26092
94443
70896
68047
15319
41598
2757
12425
23342
73205
67953
51708
42263
71686
77489
87765
79441
42151
39013
80824
6479
22597
42257
10126
14514
13494
68201
74199
93929
88084
2727
79687
88596
82257
99875
8872
87007
36761
49190
63877
13687
75997
91191
63483
1777
66100
79565
88493
46520
15334
5253
57895
93926
38543
12861
59322
85578
46479
24484
94600
90517
73728
82537
66209
53581
96006
63222
55072
39436
84561
45044
6443
55904
811
65079
24955
86907
69010
79993
32771
29124
61864
21120
23235
12421
46204
16071
52817
48624
2677
11590
26101
45238
66927
909
81830
97708
12593
34761
19314
86280
20986
77349
68498
73701
50955
13865
57726
38842
59987
65905
11825
44634
51594
59280
77885
54889
29816
66420
36760
37336
13874
3659
32320
92298
517
86985
28287
37996
391
78393
57811
52196
22982
50579
53744
64871
11989
38107
70775
98239
95823
17902
28245
4126
11394
99041
77289
7455
29323
88481
41500
82338
88162
61934
80247
3005
26609
30808
1088
69336
42477
14704
5687
82499
57237
91426
10321
9300
88663
23027
2097
89373
24313
49099
94197
72914
77712
34799
50296
844
54185
51732
6506
46443
53807
19055
61776
25099
75951
9205
41530
69097
81610
31606
78098
52596
1216
83054
97632
72204
70245
3446
33423
37226
30390
12176
49555
9134
11845
82757
76445
83886
2065
50476
23821
81467
85623
1791
33214
71767
26379
8029
42147
87215
68819
69139
83691
17289
72936
88344
22745
73074
3873
54343
92144
57993
72564
63683
18713
16689
43768
45751
10351
27097
82060
64406
15872
32598
64340
8749
43010
75784
43043
63272
14701
2527
31926
91196
27829
8766
34715
95823
72266
57586
55904
8863
12988
50671
16399
46919
38534
8718
46892
56912
8547
10917
30598
48507
18167
50896
7405
87124
71270
64776
87803
88928
17600
34132
75531
17901
28332
20262
2340
34595
89343
10869
66119
39096
43030
83502
13521
91252
14996
91772
48627
23140
82400
8588
14184
37897
8116
80092
3985
53722
10787
11316
4495
22626
70730
83434
81949
14028
40006
86477
31650
10410
82893
52953
82302
26529
36123
25918
28703
40248
23688
1547
22098
80397
92385
53760
76818
99152
10639
46003
43591
60625
33674
7060
54358
13964
21316
67024
48255
93543
16452
44810
26064
52534
58889
59605
29516
89082
37842
80007
99793
86175
48958
3492
72526
3561
93199
3439
31082
4947
82384
23676
45480
67769
49841
6604
379
46265
46257
23334
1032
12397
41758
58604
75792
81663
25281
55739
9290
19469
12684
32742
56266
18186
32662
28336
69703
60130
2984
27059
96938
59958
15770
47279
40114
23002
75296
97133
51011
19847
35786
53492
35041
62524
74217
80058
26789
72972
70694
12278
60064
43471
36260
65678
83714
70757
81339
37120
17217
46384
9046
84139
46447
55513
8491
96014
81864
82472
76662
59277
62684
41824
9679
24916
56190
62794
8452
67397
7828
98920
21416
89127
6533
5509
49623
9403
34941
19321
14314
52729
21281
93455
99619
59376
12552
11473
27437
73174
93524
68603
11375
22085
45568
6882
82349
40088
47890
27993
18344
65894
85095
28693
62420
7632
48601
11687
76310
84573
7556
34286
25322
64174
22791
63977
84119
14389
55169
22836
83229
98386
44581
39429
23125
10694
67529
93689
92354
58373
80882
88015
5197
11317
90155
73479
18442
92100
54071
50331
45481
78013
47855
59969
92141
67235
68915
95562
7006
31615
43721
44857
14063
29775
91331
77539
84379
19125
34633
86012
13746
13803
42176
78334
59013
20698
28259
40412
87617
41244
67953
95041
24690
83939
81708
11439
41874
13407
52040
59183
33025
82342
94597
79435
25462
86078
90604
64887
82992
80388
55787
95960
84285
37010
67239
37457
26648
65624
75839
22257
41699
29946
51529
63521
94381
32504
67699
9227
81241
67719
9312
25126
55512
64342
88442
20689
96985
70983
55304
34608
8787
55208
37517
14011
80560
94171
58913
73938
44582
94712
55693
39622
32804
65350
57034
90475
25866
47502
11498
12128
26027
51932
33966
77210
73571
11415
61571
19330
81574
72712
98514
68604
11563
1161
75501
79154
72698
92263
44006
49021
49480
88432
22946
68210
70585
86356
430
23472
45476
97737
47309
23237
96164
73588
66166
8687
12230
14233
48656
29023
74023
60131
93816
91696
66072
63621
6105
27669
15998
92346
83308
51144
45837
88308
74545
98635
21135
92400
94575
14981
66196
97859
52052
63352
56498
34692
29388
61875
34303
22474
69181
52909
66887
58302
54981
59785
64659
99019
89959
53979
72114
86000
34648
44911
58802
56623
17114
16840
80948
28895
84741
35634
79150
38494
81640
9786
7236
16190
90164
51443
57268
96573
44087
2902
93098
65413
41384
20306
64227
93965
26879
48033
15873
4136
18111
32294
42830
76367
16783
89221
20422
44866
23141
34647
70953
17061
26798
14087
2651
58722
96037
47284
82026
40962
72421
32642
76286
64896
8382
55130
32637
31567
82858
24132
53919
16446
15928
68057
23134
22945
25862
45539
4215
8589
92095
82476
72995
22561
6980
39559
23163
9132
88009
16172
74573
11826
59038
19390
35371
14602
79748
61214
41381
50085
89990
57355
57807
13949
51458
36516
12939
37299
76143
99336
45064
29910
70099
66949
68379
51271
88267
69450
18041
31083
55635
11486
85932
6861
47166
80427
94837
54236
85263
11154
11705
93585
77851
91571
70454
4987
93188
70836
52948
59306
40428
33191
46440
29763
38431
41754
86323
7846
1085
63546
48702
45996
46047
60438
87440
42091
5161
40098
43408
37231
59640
39021
52300
81118
30907
29437
36231
29200
60646
32412
91392
24324
68142
6948
77273
7636
85306
47708
70407
76575
52778
29294
16187
21294
56895
12700
64093
4046
54011
95534
27912
12501
15674
13865
4212
90707
17810
93243
35299
59924
26487
35347
85482
89945
11699
47824
47024
64996
19683
58067
33509
13388
10336
8847
40508
25482
55382
813
13153
54238
93424
18731
18645
41459
45783
64361
41899
44305
94321
84073
31870
76510
61852
94837
1298
26848
31027
50540
40708
96538
86364
63116
25647
50315
41882
16373
2700
70306
64927
79076
30799
35373
86619
65942
46631
54913
95916
85221
18882
16869
56334
41248
57782
13906
75944
73600
96635
29303
13193
22822
65329
9049
67974
62508
38109
23907
31946
69373
11314
9540
45569
34663
22134
75423
64761
94542
93065
61702
92952
85878
44851
79877
72094
6498
85209
76992
48496
21111
39657
5069
46204
55012
23580
5116
25530
86066
82556
29126
94354
32665
45297
6410
2242
47639
31660
92594
45271
63463
91686
83627
75459
18143
87058
15103
52522
15098
10471
45779
28990
78550
24389
84910
13770
39484
32525
67744
82954
62385
95594
51410
70057
38355
51936
17890
50679
24767
90142
29801
61891
89964
33714
84351
72485
96491
30679
54274
85372
51335
25621
47209
55932
45000
21408
40596
45554
68527
37726
14250
6994
96544
2535
6991
49031
76359
87055
41681
26427
97677
36190
99875
98995
88820
45019
97036
13076
64230
96747
16987
50455
12021
42411
95032
78298
33502
71866
28789
86512
9247
58787
57142
69535
41566
59783
20259
12997
67681
4147
63773
38177
99646
3677
57230
61808
71964
5253
86285
27641
83719
85594
6473
64024
32362
85365
43031
81298
92979
72983
61551
45549
67415
77806
59279
96218
6451
5290
98594
97369
71977
78166
2534
42140
50517
30540
53593
13836
51512
61530
88842
68181
79576
59923
35769
85355
68760
47015
98708
30630
87830
84514
30276
53404
17124
14980
21008
31783
11109
68284
82014
66456
47949
73678
59546
17124
28384
91540
11771
15872
80305
55778
5768
39227
77663
46825
68979
61718
85817
96984
2850
79117
84971
45326
7646
1658
24284
47936
87929
34499
92806
49880
37139
26071
14726
88126
85459
71496
31956
15680
38145
83896
95350
55474
1520
26221
38870
2582
69379
97639
48153
30869
82035
88886
31452
75244
48379
66823
36523
46155
73630
95638
53110
85876
30041
82099
63241
47419
95060
54921
766
89088
9843
821
36891
77240
1946
30965
37950
34294
79118
96802
34553
55613
88171
19993
75484
44299
28157
92060
87972
25278
11179
57373
79119
95792
61581
63572
31742
6827
1539
60402
19931
68344
19836
45799
77174
81378
61805
89266
8201
94752
74590
84125
30919
945
18841
43703
1811
23256
95620
70797
28976
91139
61111
51610
31826
74089
39274
38395
49306
41294
92832
21290
58228
10511
31251
6358
54139
47397
48488
45001
19845
59377
82153
36845
91908
21865
98839
45555
47706
61983
86908
21713
34284
48603
98269
59269
76313
19713
47126
31315
39667
92105
9395
14071
93949
10262
72486
19087
43977
46004
40857
80691
92671
84401
2781
13959
75258
11574
20468
34404
24704
86879
82383
39400
64135
88745
51422
81052
41952
26104
53963
78252
26973
43638
998
22378
56366
28392
88752
14828
66872
24247
17636
67347
61543
34350
45625
16046
75421
56221
21136
77052
81437
35307
82102
7950
38701
21843
25484
77161
61676
66256
45972
51141
83925
11934
85589
25569
52213
18659
24587
86548
84392
34210
28879
12158
57179
91429
84503
36080
83971
13348
92631
91525
20590
60348
1742
73275
36238
23699
15142
34296
18128
16636
70788
65303
72693
42535
65712
42479
25701
22177
68735
87791
475
82035
28207
44743
45167
49729
50889
77292
26136
58669
4425
16004
44142
39132
94601
82901
80650
11049
84139
67706
8737
5156
85945
65443
10547
68555
83790
46770
87165
12421
52909
70992
16408
62113
60764
84594
77702
47306
59169
237
37383
32653
64223
63748
15568
67017
68882
60932
9489
43961
78490
83220
78890
14892
40003
28289
75197
36928
24223
23930
4818
74607
20924
64646
75342
94134
35835
66791
20201
70018
24402
7686
32589
17643
88819
82501
39889
8367
88276
8452
50334
5732
86721
62741
41427
57718
80533
80735
50521
48681
50112
36424
97732
82549
56952
64708
80785
25334
2662
49909
32639
66233
30344
43759
52397
54935
16177
21184
34250
87364
48922
74242
14970
74878
73510
42018
67310
15498
77348
56047
38835
2173
14903
59199
95226
42259
27272
76251
81115
58860
4275
95591
19030
4063
8553
64539
59561
72037
67578
34045
23368
79463
37519
13980
28182
48058
96026
16371
99984
98845
67116
2228
14744
3764
89662
39720
59544
24406
43664
22550
51061
34917
97286
22695
29620
45191
78189
80709
26770
41394
93170
29372
86285
33816
79784
36217
27615
36056
7707
54157
45650
51393
25363
27948
73534
54317
76662
9407
45244
72899
7793
53130
68097
44007
71542
85240
81521
60755
15093
16750
3700
1312
68813
41193
98361
66171
45933
75787
47206
93415
98461
83505
6097
52916
66425
6157
82968
82070
11978
54431
62521
15404
44461
67985
58934
98418
54039
28
62591
28962
35083
26789
46896
91201
71910
6711
75116
98642
58524
96432
20820
48353
42618
30576
38031
10541
94021
45974
59245
44191
90706
82382
32179
325
23141
88945
56521
95525
690
79217
77086
88981
63854
56547
10137
34318
64309
17283
83976
9880
61238
92826
85006
99507
17657
80744
72016
69535
34072
34430
83825
1397
68512
86921
64169
52283
86186
18366
3345
16678
1554
58393
44091
29453
93171
69401
5994
16625
18596
21445
75540
82580
15896
86595
90099
99674
34173
89792
90153
45073
87761
50128
48771
68504
86520
9515
94159
60289
75096
36007
95115
89996
68177
70694
19437
81222
81080
80516
32491
74393
5457
28686
92752
46763
32347
17049
99185
33780
17837
6475
55291
36751
19190
21450
87267
14934
596
91708
63938
97997
55082
78591
68802
91571
63665
55780
65340
6652
87343
28579
24918
35524
88663
77922
34004
77607
85888
1481
23163
52113
85603
28655
27602
50420
34397
11264
83979
17012
40450
97883
45167
58348
57889
99516
30827
51904
35697
33606
28615
32746
97786
62288
75260
84255
25601
87825
84002
55869
13660
44429
82135
67284
96720
23913
82825
82780
79856
12619
47465
86942
49485
90948
49197
47503
1176
27271
8918
50691
31566
65996
13683
7991
98325
50538
22911
18586
76328
8723
10368
35839
64660
86821
46017
85535
66646
18082
334
3376
13610
96101
50972
72839
70417
83603
80738
76879
78165
58498
37240
57176
56997
98317
71631
596
20377
95065
83422
77577
88872
81450
1068
32158
37539
9094
77669
43972
40350
88025
58344
54722
49770
79240
38297
91999
5062
91444
33552
49182
53305
29724
12159
29137
30379
23109
94342
96922
99958
92877
62728
45211
85547
16674
1384
3379
11636
81817
67022
84560
36627
69415
42689
17965
86472
37954
22932
49955
97383
86855
16549
7030
36582
79169
53257
29605
21190
36689
2245
66414
65483
84315
84601
57329
77410
8703
56638
71431
63109
44368
97300
66297
38618
83271
43079
20094
87435
41814
69611
93836
39563
80337
88986
67056
35652
24513
74181
86381
35248
27745
56210
60248
66413
26389
60312
96584
15919
95624
91710
48775
35942
74533
25093
302
75505
49956
96228
45888
88525
62975
32408
85465
60676
31880
84395
48135
35669
96206
91835
94147
43092
33059
57463
2361
54230
34704
10197
18637
59505
64607
94931
69440
7505
23201
48839
94788
33352
69878
41373
22161
85916
93501
82294
99829
8014
23153
61318
64845
1531
30598
38386
14449
63103
2295
36370
89605
43453
98183
94791
24047
34938
25952
63633
78854
43586
46190
31220
78928
53179
927
26201
8879
95139
27464
10023
40613
89688
75599
36603
11026
67322
87001
72439
48101
52798
58446
96859
53388
8178
65968
26988
6881
33953
54462
64973
14599
8154
92222
56510
53677
74370
24852
90306
37064
30066
18847
6404
36779
57011
36160
1881
91603
25433
64998
24920
18195
6515
46202
78344
78765
69827
26003
42596
55222
9468
29437
57605
59622
18887
91592
12285
4725
66320
66950
94492
56601
52454
41104
44232
22145
61071
54068
42739
63679
40188
31845
10438
37592
65008
23342
2302
43579
64264
22469
57529
21573
71270
4794
94904
43897
81553
28483
90923
68745
67418
14079
97360
69925
35759
65945
50049
28453
95478
58968
5345
94641
40224
82362
22690
19892
44144
58584
9775
46197
33165
31401
2456
12954
94863
45344
52371
82670
62795
86062
12453
55904
43575
71718
21692
40770
61680
77727
13783
54139
11941
90936
33617
39287
91201
68610
37728
23110
88199
84074
28878
87078
91090
86495
99706
27597
99808
97221
87758
88454
38402
11773
82362
42802
63776
26199
9434
65320
23222
12550
89610
59580
64464
938
56906
49144
41371
597
85653
20572
85514
50972
45303
78850
49728
5972
12998
97803
80739
26507
64150
71796
70546
68878
45424
55553
13964
71707
62166
73936
57708
82971
8368
61358
61077
96290
18659
13108
45970
13805
45820
23426
87233
21661
92321
43226
5172
5758
89139
13794
1249
17387
53288
36178
16887
42543
5364
51233
12925
82682
29062
98597
38948
14210
83227
88960
18008
38889
65365
4687
602
67121
55582
35025
37324
77759
30637
5923
4384
12349
95972
99527
75707
83853
76681
48763
46582
6110
15251
74512
93664
37477
92836
44606
34763
23763
35691
57641
63422
62304
91480
78514
73501
85227
25864
56060
84913
50381
41739
12066
65752
31
35202
18420
38591
4160
41933
31559
9290
69023
54068
43244
52143
80983
23468
87522
17795
18823
93784
11539
41388
67900
26148
20616
48670
59059
59989
84179
85242
34263
83975
82334
33648
15784
99100
64778
36517
58310
99029
25802
14674
2636
27216
93091
31649
85652
8977
7421
65164
15273
36633
85774
51157
54399
65658
43085
47724
83166
78423
81823
40252
89170
35325
4563
57779
71372
9106
6407
67350
26484
63722
77379
66393
44136
32369
52662
99768
27949
23211
12902
59994
14784
1872
71176
93073
14642
23114
17834
34578
47078
45564
2979
27720
81454
37605
40782
22851
609
53864
5752
73905
95992
46046
37458
29760
5309
27093
210
84511
66756
85048
16692
72844
12951
4151
80429
50648
44614
6416
6185
30415
87230
93418
18210
24461
21144
19339
40623
65170
52861
48348
73663
51240
56777
32706
26213
79033
71893
72835
93953
4936
12177
60281
52571
90233
24068
48804
86335
1307
44134
69542
1014
74729
16554
40304
24434
740
13968
58778
38395
22719
6648
59508
85664
81183
80870
99835
44379
39899
5232
99836
70543
85146
22006
53939
40605
47731
78693
79444
63784
20156
27938
15486
50816
8324
15866
77024
35559
55158
15043
20255
60218
58875
15518
96322
73644
92095
36345
51461
53207
10508
59874
77591
48060
49954
77454
59944
2159
57280
95787
95399
56915
64460
41083
76369
36230
50074
71284
64465
20291
6889
28436
38232
35428
2405
11512
35784
14335
24312
29077
8773
65808
48535
70397
42362
67240
60751
3206
37664
76378
36285
13633
3406
93741
12186
41379
57175
80299
6748
52432
42110
52136
88264
55061
91766
85406
60915
69731
40620
17092
86818
29592
1086
77233
21726
54499
70489
21573
5517
42611
29490
31143
32256
79812
62510
