1523
2023
821
4279
242
1523
35
909
169
144
1370
9782
1604
36
937
22
37
27
1272
2079
1124
9828
44
5168
7917
1728
84
3507
109
5237
2058
19
2
6283
5003
4453
252
260
1155
89
6
173
60
876
2730
1
3028
1666
2
2964
1182
2
11
24
2
113
632
29
53
6985
161
115
420
7148
156
583
91
645
5846
516
929
8422
6675
3304
40
5641
2438
2778
1418
2244
3644
53
5033
12
94
315
2209
259
1738
295
4
457
2352
7098
5724
6153
3
629
52
8
2620
24
1517
3874
1104
19
1386
3788
1
4169
2692
240
12
1155
4214
512
5223
8
12
1307
148
191
3116
30
96
2416
4610
2696
1825
8392
54
321
93
225
244
6360
9993
130
4278
3792
1254
1738
11
1188
22
1560
216
814
2102
5402
4692
947
1
160
2974
1473
291
450
3246
450
921
379
6694
7453
3070
735
4852
125
8321
1238
1129
26
116
390
1317
9462
6957
4716
4104
3977
34
1452
2563
9117
796
676
1691
7739
1924
7
2797
4
308
731
213
9502
17
110
2
8728
2543
8658
2522
27
14
3776
1
6055
3191
3686
758
85
7771
763
72
1112
7352
3396
3824
2740
1953
2328
5377
416
3903
418
5653
3423
424
648
1092
22
5264
283
503
3787
1
78
984
141
628
7542
3324
388
64
1565
13
9
198
53
927
738
7699
52
67
2111
1240
281
6928
7325
8757
172
5811
9123
1176
4
3
422
321
24
3177
17
9987
777
8058
8656
3
105
399
141
9565
959
2455
261
4917
9067
7513
291
3799
7617
2
6885
3372
8394
1778
110
438
6
761
2670
3400
225
1975
1087
3969
888
1829
7
9131
891
1685
702
23
4211
493
31
211
3752
6842
61
1193
45
298
168
2205
1410
46
1
3590
24
4518
62
40
325
1024
7
5361
3816
26
194
1190
1506
883
39
7588
3
138
9
2313
512
36
1697
662
3349
66
1229
61
690
9
205
5452
157
2754
1100
333
10
163
3239
3890
88
3096
4144
5880
214
419
4438
292
7504
27
8
1045
685
563
72
6349
210
7834
1068
6
7624
6701
213
6
1752
12
1566
5419
399
3028
136
30
5654
8680
451
621
325
5727
7055
1404
2206
3679
7254
5831
2178
8789
8484
9486
1944
641
3707
543
3181
2462
5422
2786
411
1400
3208
957
3159
68
303
210
400
7453
571
2128
2200
73
1814
8345
451
3
894
8830
3836
35
611
110
380
303
2765
213
1
3344
9503
5791
87
1710
195
1942
3850
1401
68
6160
9628
7
5
4870
273
1411
88
1220
9265
240
2744
6687
1116
8525
1187
46
4
60
6653
9687
1
4501
282
1032
4182
4026
1445
3929
1587
378
3300
7212
6
1937
2287
4590
611
7523
2281
3865
97
3611
479
2
2223
7697
2853
463
844
291
443
24
154
5091
7363
153
2052
9173
7853
115
155
8939
398
1651
119
987
9853
3089
21
2289
42
174
1586
1654
2
289
8397
9162
246
13
4
4664
654
6146
2543
79
29
7974
6833
8706
1086
1206
58
22
4068
525
2
6733
4096
9
112
76
2066
76
2
1723
345
3563
609
2395
4
102
153
1
4
2
8
4
1118
184
4590
43
1239
902
29
4965
7243
3
244
6223
46
339
8025
12
6017
963
6392
8096
8460
5
21
3991
2377
103
9461
3654
3518
707
6010
130
899
194
6685
974
5618
6033
80
4434
6508
1414
1629
4038
23
5790
494
1
32
100
7326
54
4057
169
160
1962
223
404
2212
8040
91
1410
4440
7397
5216
101
16
3594
213
34
180
244
1202
4763
242
2
2345
2848
3023
1238
279
1694
13
9779
5634
7033
3
398
87
3109
2572
1595
7385
3177
1053
5530
615
2260
1999
2328
107
2953
5486
1990
7925
5
1453
348
8557
127
5023
529
7
439
18
189
6046
6
2487
1902
2657
4714
2892
5609
133
1353
30
9979
8577
50
3815
4693
6265
1795
46
4260
2465
1313
8777
6226
2025
148
4063
467
3020
7292
3813
4862
3062
2284
2138
399
4334
1285
126
1056
6438
6263
6643
21
1902
9063
127
68
3258
443
7188
35
3569
1331
31
30
4590
5793
432
1068
5631
2294
9357
2064
255
5
338
1543
172
45
144
47
1633
325
206
44
3425
2977
661
5545
776
33
306
1698
5042
1636
396
184
1
6740
1
1365
2073
3594
429
8397
4547
260
348
3
7919
151
649
654
439
5583
8104
308
4953
2789
3610
558
1025
2
373
156
1317
877
1240
45
457
1029
5059
10
121
885
12
1264
3514
146
819
82
1145
460
199
5
299
111
5370
9193
130
2
67
2486
3138
10
1127
2051
888
4
2514
225
8152
170
356
372
3888
12
521
2040
633
2021
52
46
152
31
6
30
386
1
827
38
41
4088
1
120
7910
5795
49
3
9412
9612
18
6599
1006
444
662
338
64
198
263
779
2275
364
2714
1775
551
6049
3459
1
550
101
3054
299
523
13
164
8194
3067
3506
487
2424
1667
3654
8931
521
77
236
432
65
33
4714
1004
514
3768
2382
139
26
1
7
7542
118
4035
477
6823
8536
378
367
3343
3257
601
9886
235
356
2287
911
85
3586
1506
4652
5907
213
3886
2440
2252
762
127
1802
1063
51
4593
8061
6329
3765
7105
2396
2555
4436
24
78
4110
2989
1744
2168
73
36
5078
7485
254
9228
361
226
1149
325
9734
7569
8780
339
1017
636
462
36
542
2960
1
426
3
9228
208
771
9758
